tmdbID
753033
280309
39691
10975
438457
492452
524668
97603
779588
355196
345918
100089
679045
20352
575544
519406
9969
28472
391062
470370
85445
21518
368770
14162
590218
72914
567296
428378
78352
237710
593693
411632
81870
398557
538321
77
397738
543521
141043
326284
587429
493623
496339
42872
75612
493014
396508
491622
500921
596247
205587
142106
669146
45958
540901
342472
478624
489064
254
402196
15934
37931
386371
525544
119278
54777
530385
10676
581104
56906
172162
54342
144344
395458
5255
9532
320295
437586
20161
18441
72174
353433
356126
446926
309924
315669
549829
304034
233120
165
452910
369300
541487
607158
610461
613368
385095
135185
330070
44613
550992
469722
411684
432787
587502
332270
211424
494836
256687
11967
542728
368716
36648
607310
616454
24271
572930
718444
228108
317560
261863
137106
185008
804857
515883
26934
555785
11013
540816
216879
9907
199675
359934
173096
677475
519116
8247
382260
13191
491625
70954
13
110110
296236
462134
396850
547116
210860
539765
244536
517024
363838
662719
323369
73191
17577
146955
212081
153221
375098
340540
660354
517314
123793
408624
8092
765718
9762
8066
475318
199591
587496
263451
58219
9480
426563
382503
375183
70667
95516
565688
334527
32668
584377
457837
519473
549769
453201
493089
472389
486362
758510
88751
209410
632207
613853
444011
41109
6969
482712
16558
28676
222759
529218
693001
154598
60479
50348
333371
116979
272902
372443
955
610849
353151
41588
2018
352848
485336
444935
349849
370464
792124
607294
497796
779928
618473
633529
435077
17478
73873
474395
388862
582375
637113
257441
199027
409297
271119
532505
450594
332411
10561
553848
470834
526051
606535
281957
565840
511897
45640
241076
298035
345009
576684
227655
143844
513728
98339
47971
608562
650747
698992
49219
186909
523203
11054
465651
637963
276902
13166
213386
210983
267805
474696
10551
19241
597693
581076
464504
132316
522619
257211
422016
75948
90
13474
42517
538858
12163
248504
23568
550668
29792
13475
119793
378112
452613
383785
543580
555974
12184
392102
595143
116841
11427
574258
679278
44977
156400
437004
672125
117923
101287
412432
722083
332491
9645
296280
490040
501154
456218
490988
102780
12312
675211
297855
611356
152742
324661
11058
378356
513769
370569
109439
470820
324181
657777
242166
45022
273509
47517
519011
540396
80274
619697
270946
127452
575592
521714
16995
730455
478795
58383
296690
695581
2501
653729
530837
1268
521793
381838
727343
16092
519393
676950
727327
16392
206202
633822
478855
698783
2157
260075
364099
30627
588136
168530
853
152756
35837
1954
813
774000
418822
192712
670628
376812
248165
14636
147503
276308
663
8456
532070
672143
66815
22489
525162
102630
428399
488966
295964
388940
301056
126250
705756
273279
26266
542494
352099
476418
772501
190859
50053
677502
110122
393839
746750
11601
581545
73700
648705
95690
324786
369519
304463
165076
93837
13948
48340
419566
97589
13986
35053
390553
15749
672647
290751
29973
2251
655858
81836
10885
8845
261054
774525
542986
456570
346122
228973
332613
123553
12682
458188
10731
334366
432252
43549
45408
484718
136701
496527
138130
108275
335537
50217
38031
472449
22970
676989
640
465222
484150
43615
16409
10823
205596
237844
574366
10647
6016
3595
43379
8358
711307
84178
22804
535517
464832
555120
310458
611835
558758
413646
676031
482981
393306
10650
372782
39781
242076
260372
724450
565743
428253
339380
295961
470642
467520
605368
716364
300671
679601
384347
10351
509869
213674
178189
258805
623128
369877
420681
613032
39564
677339
273794
524124
300687
93856
707455
369299
395339
82501
306
443775
56776
418879
257823
3040
31642
17157
803476
323304
268187
392001
78
536420
48397
281778
155084
214
276488
413588
3587
22327
216296
290556
393945
422821
563355
306561
590012
44113
37987
347375
12547
108271
13291
731233
273899
363367
10720
84306
240
626392
614256
598708
308867
169881
513997
197082
450841
609934
198661
608956
540899
125509
81167
348137
55215
75638
23082
488447
399440
439758
49047
603
62077
610908
670755
621003
321258
481138
586521
330280
1813
227783
201365
590089
342081
542790
566486
516850
100954
616584
772060
423071
439948
641205
421992
62928
173908
152745
80278
329
34295
129847
443272
43539
15590
1619
85350
115782
678748
122800
389323
306996
23759
49730
454458
461816
287904
188207
59967
517800
619599
535169
467988
684746
16020
85747
11141
23730
233490
82698
564704
257447
18009
687838
9767
552178
643190
569384
517931
676052
263472
26481
20132
527833
778064
448933
521844
679334
620725
565276
10757
324857
40924
118199
336288
574273
375588
14139
300760
556271
100683
747
487319
518033
653944
685134
127843
752275
352885
60740
677366
92117
362886
679303
438650
692007
679417
255577
573725
456562
1641
678781
117978
389995
443210
141438
495862
677482
82
787
77805
375355
295462
284620
88
265010
20662
527797
71376
30325
68179
319152
13531
453764
328429
42759
554152
789414
94671
9678
539649
463252
663927
502422
526558
44918
194662
81337
158928
675626
52696
206198
188306
589773
22611
281315
9664
2320
267301
388063
320436
383538
203700
1365
457712
556238
278247
373015
37403
50698
82696
291270
319373
442062
542500
10315
568158
306411
35688
258932
458223
641077
205724
511619
30497
411630
286009
441762
641783
438478
289891
436053
274854
442405
21208
9600
372124
605971
204349
181009
75858
377985
134366
513540
18375
630016
75780
329440
374607
11361
31598
12165
423224
507870
554590
9522
28061
421119
553641
954
299372
369397
283564
526806
594028
474498
495135
473320
356204
393457
28510
4349
294016
205398
229768
89492
647116
536560
404831
704259
483292
628262
458005
2928
129842
141721
175291
753424
12613
19918
225574
227823
651087
130816
339964
319924
791272
77352
243940
9509
74536
38050
484247
11324
103370
205939
1975
471951
537942
194722
434986
660366
37859
142650
627535
646302
393445
150308
79385
340900
10625
288847
657595
261023
1970
265339
423083
71859
23488
268890
13222
112149
96936
383709
597006
608104
818
107846
11137
649819
423449
437316
450352
715623
464723
3199
553869
336029
241927
22447
2687
249941
590162
552709
505204
565839
634534
514921
461038
739850
409137
59859
459471
471979
36647
329025
531073
180
64690
165657
611315
552786
44363
331392
570194
48231
376532
10201
532362
10222
706359
207517
180219
209269
453296
430988
411625
348431
140477
251471
401698
18787
115929
548937
398289
51848
322506
341644
341326
670802
253344
489172
49527
15084
525946
453068
422336
390989
597057
9583
113727
432602
520726
218417
13437
283445
540313
576928
258230
11229
4999
334543
455605
331
25195
9515
576314
687090
11917
49712
531597
466647
71636
58595
24420
948
543087
37822
27205
495412
61902
292040
12410
443009
512098
701909
547865
749821
627661
324714
370097
22727
585889
365964
646711
414777
2567
339116
27497
297802
452139
446114
451925
7555
157841
646994
363651
57652
89289
561779
378932
652722
702738
322582
16643
170395
326215
547768
9879
50225
579517
296346
244852
271123
530476
785893
43935
430293
460503
446894
262338
151911
10743
26815
26393
9323
657996
590077
428886
542421
289303
396395
806376
227738
220400
295575
1683
611844
49018
436452
308151
48572
555504
628115
385738
360551
19404
122928
609244
300168
41446
580629
224923
545237
26389
10162
581630
311
268693
424087
44912
527641
46541
49850
491115
534011
45156
567441
19616
97006
554753
13665
22411
540189
365096
554569
303805
369180
511354
49040
361023
38191
11546
56493
10587
585244
554583
584288
371161
264530
744776
269604
194157
553889
460096
169818
20656
442858
355655
643612
629503
675722
256092
427612
655306
331962
311820
493922
49014
640121
364245
638137
114150
245706
384737
399300
136273
23125
539974
290350
73416
763846
592834
253528
424979
109502
232761
121929
20755
534666
51186
429541
423268
205
448782
345940
666483
564492
414523
396425
368764
524348
574241
462718
607885
653187
553831
511293
361297
2165
121856
447076
83686
419680
634904
425505
55301
108290
29474
11452
133931
238613
363001
8909
331718
396461
80375
10866
321016
8489
12771
340969
228208
441881
81010
220355
679456
517331
394830
7364
300301
10072
10210
170859
366819
314420
228914
63492
410876
62255
573494
689154
9003
160816
83266
206410
590350
436391
598215
1381
673719
534408
254172
1738
59963
675167
473318
801383
599975
469012
555115
301816
1491
452068
246750
6519
727345
19672
81232
688
230179
31867
33379
353257
127521
431892
17638
87093
467956
440626
424918
381994
73770
154288
459520
329833
359736
314573
580600
272251
515919
688335
422198
284276
164457
360387
11763
356399
480105
137094
49021
20856
9359
303180
103413
589064
187462
30641
581222
627
111853
79100
348089
12113
10521
210915
115127
415193
172803
345887
112090
22033
701189
252532
635185
58547
344758
737608
285135
607313
439128
369394
499360
4251
305003
519223
636232
634077
12149
242
40635
22881
134825
727434
16774
613745
61114
45778
574437
331190
313519
394661
25638
452832
170752
625584
753114
9364
20829
531712
73499
542460
84758
535348
217364
326302
49049
619600
38904
496327
670850
433121
83481
307663
12121
158291
551369
25968
25749
11895
667585
3543
586597
399057
462405
473149
55831
31954
23169
507641
470113
104329
242090
19912
414852
49057
453358
430223
575882
254024
444293
73443
793506
601169
490002
37023
38356
39368
2105
670847
50839
54700
57724
641790
21733
563916
512016
595090
594152
72710
199905
249756
500678
259611
322240
338381
24794
397251
9674
212754
34297
604998
392586
334935
447100
567685
87818
13596
13190
27681
373546
25539
150
562229
417384
9382
15117
667071
888
729050
43937
583028
9631
21661
580416
472138
337874
268283
409776
507313
474335
472127
679369
561295
27122
140928
632658
16553
527385
440941
472278
227719
16344
115655
95520
648158
566914
769
369885
676650
199243
3638
566139
311064
303846
334107
483750
761272
16052
387809
367497
802994
52333
239573
621013
274167
271993
393196
698445
687933
542711
349064
333352
292391
473143
365090
956
282068
8952
2671
543727
464201
476600
528222
759599
10073
21847
32834
110393
362847
750031
668435
85373
41210
289198
261359
641304
278878
30938
14334
96973
383442
584546
341619
26463
511458
328425
59981
342212
1883
455980
406107
2959
157354
300424
127493
75900
403256
171540
52053
273271
2758
227700
678605
415669
685757
370071
329167
146301
495829
504203
266408
586574
49026
55779
75656
715930
46256
491345
85930
512534
340837
11357
67967
706872
75862
727332
299736
451915
628731
275859
72190
366797
329619
43919
204848
335983
577390
436791
324930
300155
25748
542213
567714
81179
518335
37958
379644
430508
240591
755599
11566
3981
63502
505060
459910
81852
596045
401192
586451
636003
614712
121879
401923
569126
394161
535372
259018
133145
15371
367181
131634
338065
289225
256756
712528
75174
650835
15864
53487
10157
381694
87496
554574
204436
460453
85836
178875
455675
15858
171759
569101
15577
48289
152581
480812
9312
582913
1535
390061
480465
237214
36946
716258
408670
607121
390859
491472
577080
43971
65332
749318
424658
501708
487210
594084
91333
755230
13252
338952
97548
472317
309425
40264
214138
32206
678391
231474
524695
447362
10719
8583
771145
14306
20789
10462
353500
521130
30975
17158
35656
64806
545019
395895
13811
684123
541757
456431
678149
622280
340275
279641
6933
341051
588753
262658
378366
9372
536404
86467
152748
83869
188927
686832
439079
2503
199556
25803
457922
626145
547377
437512
58232
310135
438538
673471
521116
75720
536009
14072
77234
820
273477
474415
16228
348116
472140
433009
412988
5123
35429
376233
18893
517116
327
471613
9268
10763
433046
530451
17367
262229
707159
260587
766588
677067
59296
374173
47298
210692
2118
338557
644730
16926
238589
290637
44520
11976
10588
609418
351964
415767
257117
536566
182228
103640
356270
11024
582905
368304
353686
507470
34334
381719
339846
445571
9462
452506
679422
264387
708824
352094
21752
578
949
484641
384798
458837
38579
74458
8967
34182
371265
191137
539877
694565
476299
262727
296099
343611
22803
470821
625753
454472
464370
34588
68127
207705
14194
471507
428592
197796
6964
256055
772081
424571
21175
352490
715381
435493
262499
615115
208447
58631
503356
366286
365202
268882
61202
412338
647262
16172
610927
141026
8094
49520
636449
718659
131676
537802
108748
662718
14752
98
285490
16577
503752
377263
221286
257
450745
299840
436143
9336
2502
270879
221510
393624
309773
294690
927
573257
295473
470452
31894
420112
452039
37646
271115
286554
172767
598824
72207
489701
78294
676148
574252
176
159090
679559
301325
61217
143344
472961
447670
680252
571273
6145
191034
13515
459713
554741
134812
435309
270828
469721
371063
8373
104111
17911
463353
380856
49009
680952
412865
152603
538246
409625
789682
561894
616896
146238
466172
133454
136984
212527
163814
43347
114566
116756
544574
21036
342696
240832
146381
273248
295226
402436
542785
415
44945
674074
16235
264558
360389
70868
376423
466708
41409
22609
373352
621
117263
350802
607297
203321
64689
741993
501987
11518
33016
534789
93394
27990
101179
582912
11474
158011
459316
267118
43747
634508
445768
314
329544
372227
2667
146849
397050
644802
22423
586069
633761
1266
268591
499985
496320
56401
152599
522681
738501
77948
214632
279695
214096
481737
79548
33256
450734
520980
403
157353
576416
296933
337719
16320
23945
588707
1281
8453
502190
243882
7278
507245
549234
41555
122702
584756
113655
27104
621462
585894
504080
251626
45612
37714
99478
323966
361631
467936
533885
560204
630558
5994
13455
529983
529627
533145
526370
56437
274431
437026
458594
594139
331446
390526
95011
524047
621005
23514
763037
288036
345907
167683
14252
5289
727613
50024
579792
222136
449443
26583
622
67696
576379
10196
162010
144216
373416
752925
226354
83289
527862
716706
707543
9625
44407
661914
192141
260269
120721
581611
258284
320433
438970
265193
95853
531601
305215
373446
411268
385388
578080
502259
60422
17144
49530
16444
727320
11559
9007
68940
79097
606943
39127
709629
68
645952
40082
155174
670775
406761
460071
36511
11595
37080
532876
427274
399796
751494
79697
727951
670848
287948
470432
16869
82639
617576
245274
535657
330091
4011
28311
616464
176182
270367
73818
663800
524662
364414
742224
23398
626293
602241
590439
619188
65086
427641
57214
3580
417812
325192
112205
108726
643550
24122
462107
49022
252512
431242
287424
456756
486267
645095
546916
534937
492181
334535
262500
46849
70584
677370
259694
678599
32856
674986
229057
70704
19286
33326
65650
145492
366901
673072
441926
413221
113029
461303
554572
563090
461714
1581
563778
40022
325194
216056
157351
433005
675663
10598
82693
686
495715
13431
655
53000
11779
268854
468213
100544
523446
508
500919
469756
535265
32612
10528
43609
3512
343033
76617
393421
301337
2977
614179
316784
524042
436274
17102
14527
330470
533237
73500
569594
1858
93456
1977
56153
422273
616331
52587
256969
458156
434390
489698
700123
425194
14214
449777
347291
525399
429417
415445
673880
413882
13523
19114
504172
271146
333339
678520
280
26467
331836
795
109410
367710
391300
585596
575446
38498
15053
29220
461554
490132
254904
44944
565989
61631
658275
403403
35691
91314
379149
403345
293863
582070
13183
640696
262648
11560
10160
499323
475833
58543
522162
55269
160588
611788
54837
221851
38117
388959
532893
287847
70578
74523
386465
275229
11329
535292
585561
455957
96999
460735
292975
618360
204922
266396
499338
320598
471972
11854
433694
11336
386029
215
283237
72560
12118
314405
394741
187870
507941
365548
246127
447485
940
103731
41341
9414
49981
564363
610993
464733
464432
554685
82103
567360
262
56384
713496
715257
35169
41009
519075
222936
11565
438054
541071
84174
339441
20017
443585
483987
323698
34196
553600
589140
13280
535787
613380
627463
614905
304280
745400
227300
537739
413548
132326
432383
545698
340702
259171
340022
253279
410846
629551
706568
351454
446791
627057
70001
553708
4254
594061
561131
108211
251898
462436
612712
209451
436549
520089
801218
348097
661412
413052
487129
276133
160139
286003
259665
116741
1089
440777
4787
676030
617385
196
54138
708131
498448
616679
462355
403964
379891
497227
563604
397060
446696
301365
426785
423671
110398
325138
120129
372148
364416
327894
22832
25892
14435
83
557940
333315
465086
215067
376440
670583
19342
589536
540548
101299
473234
46386
157350
59861
568522
556907
651094
230539
692436
283708
93828
573609
675041
268340
137113
129357
15964
42992
342083
554596
522538
98545
52454
549921
171534
498821
467525
19287
11836
15602
46021
1645
685137
457243
167418
446786
315837
292607
603739
612884
19940
483094
27635
70160
199225
696396
481595
517101
351949
9286
529283
429191
399268
77866
683342
49674
34081
77459
116149
723150
65754
488839
82654
404584
30244
33990
456017
85044
326196
806439
306406
687844
59728
44129
10131
4922
402900
147785
721452
777399
587023
675693
780709
11326
689394
11322
458482
72113
456567
416160
342474
365385
356928
166814
501192
9545
678169
735120
13387
375867
627077
11531
365322
28994
335025
298457
11260
256917
102498
42332
364733
11811
202064
199139
82507
345019
117015
422615
124441
309886
554716
203819
366821
538707
576719
212778
509080
371420
613911
9064
423598
361292
264420
17501
270831
157544
591101
505500
454776
146631
10641
407445
810988
318846
447446
444516
44382
9906
702305
439152
235271
284285
452557
24786
563607
180761
19489
262659
179711
132342
743476
160300
672128
8329
9533
7326
283698
205321
14159
401896
86834
82470
68941
429742
408927
677913
567793
294149
489998
600274
71726
309581
565274
18205
106845
737601
531222
502033
28118
205759
281546
20825
99229
203834
348893
549285
420511
473176
549429
18823
227961
625418
458227
509233
9992
38322
72842
149722
437306
321176
456625
105
23298
71628
500877
347757
53905
25216
24618
470114
287716
9697
532869
133459
34369
51537
47261
5825
367697
417982
649956
399624
214646
336132
265490
475220
689975
78570
13223
416680
631845
563671
29538
675713
36211
672306
854
585268
143049
74643
492621
42901
555801
291870
81684
571656
56532
170194
36586
88431
677372
566402
735838
194166
245971
489755
259963
359765
250839
71019
50192
64950
702550
59474
752
557781
517814
2133
10547
515399
14857
88947
487689
12596
454449
62837
622409
21862
83823
6957
206356
461253
205584
332794
701477
107748
1372
676003
254141
496915
167028
656858
362994
415838
356924
192534
521772
679822
460699
490795
629380
304499
59197
319188
628
503019
472226
173185
748296
9750
368760
20843
272900
207456
248535
602185
10687
183498
4475
780525
651719
807
562696
73744
731728
642501
569494
412727
296130
21922
2493
511425
184149
29412
549544
554719
362591
418718
325110
772879
556420
270005
456884
464880
460844
255890
193756
316828
17358
596860
662444
637009
200383
77780
432855
557818
405634
237305
7353
27582
699654
405684
290310
482301
308531
306391
381325
42458
9878
79098
101242
558117
37464
85941
674082
335988
32985
258086
553416
152790
290789
96721
468996
10591
10025
106646
14517
355582
598071
509585
45132
306745
25389
354440
512936
13204
287529
453106
364868
200727
330
87567
470829
447832
82633
462996
400103
554071
586344
444102
225555
477201
633439
438369
432527
778884
8487
472123
564232
41515
483282
123044
18501
68818
550
426989
749032
679291
124905
75331
607100
513236
64854
749699
596693
467398
423191
71140
150095
640305
615911
14546
29835
662409
9973
400747
304816
337567
356468
312695
557101
47913
253617
75965
7350
96
517831
271674
359766
11638
130267
161447
535369
554580
227156
64879
710001
679385
297544
136278
42360
413100
39038
450152
80038
43642
190140
43262
698328
138832
17202
180787
13078
226033
8889
496468
501683
516698
424632
395918
259053
84892
373226
461649
490846
396371
679562
244794
25793
14193
34672
229962
44655
639479
751858
183196
43143
405775
10992
298583
4982
619328
72387
244506
292834
4253
9947
503616
515273
5820
81789
373449
244264
453276
460713
420827
413666
8324
395883
485296
256284
71652
245775
255189
517508
101728
251555
1359
11281
6973
277355
412096
238921
118
61342
534271
429471
530528
1125
443653
176175
40161
701869
57812
464000
389971
112454
569814
663771
106337
621443
268871
178809
11036
513077
441742
709463
285096
170294
277969
567733
571610
229297
677024
771758
198210
506775
82505
367105
146216
322487
449664
81523
566368
245891
467342
469527
814
447672
508471
671822
13969
603340
10107
201417
346434
650873
262841
718556
431530
595228
504
1844
627715
621360
59961
677427
633127
8416
334934
22800
95700
311277
78442
45153
227869
260592
444090
658022
357986
634544
37720
264656
294047
479304
32680
572434
461126
71469
11825
491836
625568
40823
340945
443993
322842
435577
13256
238215
13823
459947
382563
454652
82657
1636
56292
267860
361042
146917
370972
376659
455470
454615
369607
13944
438338
648480
686611
618253
70586
27989
56913
375548
403252
414
596690
765723
563309
454292
549321
560963
369064
51438
82393
437109
10658
29377
459992
461631
102362
41832
41860
543343
267754
39538
604035
81959
928
41630
15109
554577
487658
34016
37834
303904
1710
71676
9669
169813
71239
97298
371067
551237
841
383256
617483
727603
47218
14165
391290
35040
33511
23437
496495
118612
45269
12236
58786
340270
9760
26277
84763
407890
139656
259110
384417
386603
675212
356320
717998
242011
29229
291348
159476
4638
369789
440472
14163
269795
377945
41283
8871
16555
20762
12244
137395
16922
9340
606978
452551
371325
49798
2755
480488
9489
412745
8968
39514
564701
623364
152906
268
740985
17379
8834
677513
84305
1049
288158
220447
525661
226486
49882
364324
28055
1576
297515
510698
257088
618164
11665
313096
515929
452134
24799
13751
27265
74560
714916
18472
294383
682923
71868
458672
443700
261073
34308
688103
652625
238636
2042
60666
39414
757995
564147
652330
394117
84203
384243
136418
299241
622382
472470
38780
392408
541978
529862
398218
290304
266797
465099
194959
1493
250551
13389
478233
149220
220746
554567
441909
95608
328628
10204
589426
588717
9592
723177
550488
370393
588265
2310
331727
211847
428501
364
9358
309115
1830
469558
412540
469108
437222
430739
74387
446360
444713
616880
376581
24458
272181
182246
379344
73935
76349
364248
569109
35379
56812
10014
72140
588987
234815
70709
457601
11469
280840
86004
554585
610301
459008
413021
254171
80190
425507
6477
537915
535683
399360
61341
42302
280217
596589
332562
648150
74
8900
808
20609
429300
216546
679488
254878
43754
9944
53182
225335
537803
270668
447606
289081
789540
442849
817
15801
211581
103689
667011
4474
200926
732713
467980
613504
656090
592675
59860
180948
410481
79099
105997
736426
20533
369855
34583
460507
345925
10253
112601
368131
9602
723376
456816
304481
604434
514438
644712
374024
356120
447984
70577
46429
455207
785360
330037
212877
489120
106813
64694
212626
681433
720239
437517
62046
514524
449985
686245
485789
727705
613045
558182
321050
423988
243473
276174
51322
378092
679449
657853
616756
241
397514
322039
102368
211325
38033
332672
82695
432613
238
284289
392344
199682
158015
722103
228165
638841
209439
44896
60599
515059
241202
39196
34862
12539
39240
13763
43428
643717
484060
633942
546554
41733
400605
353460
330068
73723
26187
624802
686872
670879
39522
10261
528985
439977
494011
400155
664757
167570
150694
239563
55846
128179
220286
14395
741815
496884
12103
157336
395437
529982
108777
46705
210577
433453
584295
340144
413452
9320
44032
102886
584355
601
16083
610482
679247
93863
49158
537969
133153
79113
525020
484238
67305
432165
52168
87101
135885
635031
191876
550485
46415
435107
538394
457442
4347
438146
390051
48838
1900
188161
387926
503129
515287
10024
14637
534953
124054
426422
13551
666139
143146
296998
458991
400191
229749
145135
6538
177677
37056
85741
102394
77883
628450
322322
307634
652074
110415
14111
276928
364562
132363
2044
422128
75654
166271
298667
498598
107811
771882
251387
669614
1588
115
541980
7553
59436
722251
13942
11906
124523
570507
59722
677487
39158
253851
483742
388284
375509
296095
654224
298
362058
202619
433147
873
616640
70
83242
523849
433537
49681
315286
235260
57331
18238
18044
525539
22537
82756
9902
300153
414276
389425
305042
10336
130924
491629
762897
262481
34764
43593
370992
179826
316068
494152
83394
724208
679409
496668
438674
63683