tmdbID
48791
238589
248881
12193
14326
199753
706790
539651
13960
105462
144789
508138
241554
68726
301
3076
371738
1452
83899
574
215379
347688
49542
468967
65
586997
10669
475968
355242
45046
97152
493900
688
248855
295652
77953
50473
4995
222649
11541
2179
10373
11306
573
25508
146223
627290
12690
628917
248888
342521
788610
10719
11247
4133
568700
67846
23168
272693
262492
82326
86835
475557
155
57165
22494
59
738362
19580
45269
394661
12614
34751
376424
492611
12912
37098
103668
248885
10675
353105
2887
569711
9489
568563
567
118424
9932
75
133704
59440
248873
483574
347123
10471
244506
522464
348819
86838
55061
287689
654125
11170
536841
523997
677637
26431
458344
520725
387664
620725
158394
259693
673159
244
87825
556678
2800
133790
288130
521007
7211
142
62838
10242
26366
411985
188222
551808
11349
541099
11400
543647
45958
119738
625814
467062
205588
11062
472674
252929
11249
353595
56555
138103
510452
846227
396330
195590
205596
686142
336882
16996
963
424600
2771
513730
363810
5718
444541
292342
686
790846
573042
6171
284537
111
943
333382
376659
31939
291870
275315
665
859
76
491846
3537
417644
942
612392
766238
5375
354859
100544
49047
67900
63574
591278
9615
2649
253406
539228
248891
12444
227159
10184
267860
376515
58400
11081
585530
804244
12900
552532
854
4922
337944
1654
537915
278
250650
248861
179
376866
98431
818
493058
277472
210479
171274
229450
9563
530723
503
139433
68179
394374
349045
16053
5825
619907
118
157336
561325
10776
392536
427641
242323
56281
120
701487
10066
132426
288158
322240
290762
535292
5503
7350
258893
601
10152
530915
726402
192
630
41496
652
238478
423108
347031
13150
459794
163
70160
144481
649409
58233
14805
183662
345
729798
426
872
347026
2447
19103
8470
802
9074
589049
10386
15511
93511
22832
2112
64694
318277
17305
495764
16000
261414
297762
248868
559713
107985
38408
57130
276229
12554
22954
288127
276905
82325
653910
10317
3077
55931
546630
25003
492616
577889
276843
571123
250538
314387
37406
342922
11145
678
574241
308447
664767
4564
440374
510355
18276
76163
166119
365942
11419
36464
1677
50267
121
2268
571
448452
651391
4413
121471
42017
281671
30159
7501
716986
675929
377897
298
519010
295891
16523
2135
1966
588531
15403
369454
9312
535581
62
743073
151535
375183
207933
534259
1271
16052
302960
77950
517317
249660
599975
254473
489137
604
42618
506558
185
499977
14522
49524
13935
603
16297
492
520369
752
49730
34636
293167
10166
8197
10153
11313
2085
45723
9358
724475
174322
418437
188207
161
329981
14919
399932
293863
9922
1580
619278
250013
520900
515698
47945
5236
95582
325358
5174
57214
376237
248890
442905
452931
9659
473399
376523
2657
70883
850
103528
635744
5126
261038
11153
152747
58574
50114
535544
509
690369
273912
238615
37347
44992
137147
533972
76341
355178
28630
278334
511014
613322
10877
369557
245266
6069
10955
575812
512199
33
13909
8409
115
59121
464655
231
16275
605
220258
402900
351819
1665
6519
1480
418078
1819
190859
250546
393624
10649
31619
180147
49007
565382
252
79829
16374
96724
324849
261048
323986
2259
20533
136
23529
11520
13403
546199
77987
205361
561
44603
549551
10285
538225
270946
64566
2109
475
604927
11024
157845
307081
42246
6964
7516
481880
38073
10555
9799
442909
258489
204922
290751
436387
586
10131
14411
414
17908
11088
140831
10781
307248
43956
174772
11219
72545
536665
944
204082
53698
157849
675
356325
209189
17870
767
76757
448447
296099
599845
121824
41595
304357
606562
741228
72105
48988
244260
109439
3111
276120
550651
49026
38
1413
10528
288133
2642
17700
9268
574111
45752
493810
354371
8870
479119
196355
64686
81900
682589
625331
26976
332411
680438
2157
31894
9073
23082
382512
485071
31981
372058
290637
151564
7131
274504
794227
11418
147773
9319
211166
645557
672
259316
37801
11284
63207
587807
10326
1422
669317
278388
64807
59436
9745
59967
11929
289
193756
294652
953
322456
15301
1985
366080
770
87504
673
812018
677639
682588
7459
225728
448119
183258
18519
20544
1091
30309
746764
9583
14289
13885
37719
265832
292280
140300
75384
60293
508101
968
778743
471506
10623
96899
52461
348390
625342
16390
11470
3090
13804
468302
54484
291613
65291
44833
137652
644083
368940
467867
2565
241034
25846
72972
398738
394642
120893
5919
492336
418879
11665
359412
14043
12139
335777
101299
549053
70110
25
11011
59861
50081
101669
338
111839
770416
222942
168223
900
15373
604031
48138
8390
21878
256591
11596
333674
257211
250014
240916
47533
800394
454458
369364
515463
232672
556901
2133
566949
80202
381399
39514
60281
146216
9573
618354
15359
831979
543772
227783
344031
18785
522773
254
9535
126292
9346
616
493001
5175
1372
109431
13470
267778
45612
12445
26580
355177
694
13665
166666
328425
550416
417384
36647
414191
84305
106646
137651
44806
2260
612413
543638
606952
80585
426488
2310
9944
31775
15044
138843
137106
325789
8914
445508
27295
553882
192141
309886
13167
248870
333381
45051
457335
497274
9870
268171
131634
9359
24696
490082
10336
248808
701510
274857
9559
554133
265497
41843
46725
268
238329
324786
10375
565726
686684
51192
9823
527385
415749
178866
253331
119675
293533
584
504562
539985
10110
623856
553087
264763
36945
10354
30330
519740
671
116876
136400
1634
56831
68734
748911
66
123553
618344
68716
39691
444526
521
658150
277662
444510
137646
184341
12903
415
596670
443411
845
10665
59387
157353
9836
272
18196
10647
330544
543658
97367
284293
22620
59859
354857
256040
11859
41823
54294
16237
345911
14055
385103
302036
38009
2034
345922
173153
220
9333
70436
13223
9461
10207
33602
64372
73723
10559
522162
9913
424
10992
367524
87849
19448
21580
511322
807
506
14533
6950
20766
369883
10549
454787
45371
502153
754334
48171
10383
486101
531145
159009
14181
695762
375785
325348
618597
235199
10984
438137
14439
407887
10040
132344
8810
46661
6479
5780
503919
506025
364
733156
547012
13702
539
71905
134623
53182
458506
436
597231
303623
452372
38031
38145
188479
48170
8676
5551
110570
36861
653364
52660
674
273248
10072
209112
52086
455411
316002
640923
32856
18182
551395
152395
127493
353326
1950
109410
332990
448557
4517
139826
96936
332816
190847
476314
13196
50032
243665
146229
379008
50135
159015
401650
20536
259855
17204
3594
9533
119321
248840
91010
11411
625336
184345
223171
242582
307510
334524
6435
10718
630338
497622
148993
82304
250841
287233
57752
2976
250011
477016
295653
379291
59136
2370
131631
621183
285597
417047
21078
37786
423121
619
49012
9705
157544
78571
362077
22584
576
13809
181132
418693
385360
4379
682598
627016
10650
390590
566522
691179
438473
10426
235260
253235
9759
579583
59560
522212
511689
482981
628
88794
557800
3933
438446
817
12556
205985
580944
279914
11870
132887
486269
16239
427564
725239
524
49521
2769
9779
113833
19610
310307
363992
623464
576676
220394
292095
9531
23437
501170
1924
463158
1965
11002
520901
64192
322
159011
14050
10214
591237
72387
903
262543
523996
36950
121642
13260
2614
103731
158011
432344
474350
7840
11457
525424
7270
25405
212716
186277
80274
114150
321258
34584
543631
31018
18823
79694
446022
73997
543086
92837
274289
613080
58566
514847
2300
213
412296
632666
297681
34581
612506
65034
230170
299245
10929
619801
361931
203696
19189
72890
287299
192145
629988
109690
11323
58595
5916
248887
62837
9637
609
209204
630936
4909
13355
685814
88751
444544
568
10188
19554
77561
70845
576762
419416
321367
36926
15
262500
177271
967
916
474562
382260
399170
109729
407648
333185
38429
148777
77234
38163
17229
64685
907
10362
65759
124034
41847
595
19511
464052
14001
10478
666750
58923
2749
540901
8984
557779
273945
11003
2058
45188
234004
25642
376867
650049
606954
380694
159652
812389
3175
2755
4011
515746
549559
258317
592336
242758
401905
550738
19851
193612
487680
374852
941
463843
529485
248857
76739
122
461054
329
489939
314
36328
479540
726739
41216
13937
321030
308032
132363
654997
491206
11821
369523
334543
8487
297761
343977
14244
41515
677638
426135
308
9586
158015
238529
8536
89455
536743
2788
45243
202132
403510
10715
11648
23742