813388
53023
354596
236873
88302
361544
66381
281637
253301
257524
333202
670076
141599
98207
78450
270665
144651
144156
54560
191
46788
669170
294458
50978
81773
30970
575804
325005
147994
32352
282663
408396
117592
227959
323974
21182
282131
201325
14337
128331
2469
191648
208028
668091
54384
153853
421287
49942
550662
138093
621749
364472
449757
445214
5761
64690
500895
1628
123742
48764
470148
158782
259433
59265
281156
359870
29982
15389
71336
299207
389389
519141
53430
59847
64441
722815
11220
30867
31208
291430
257770
254578
156231
441498
25355
25649
83934
655515
92642
179129
103158
66285
180219
354170
341813
247436
260236
249347
370169
164926
291434
144694
210627
385705
595900
4996
203089
427723
271799
495758
24657
11104
329135
309134
167668
50970
228408
99398
442856
374888
663898
86764
245073
803
270008
109
149145
461685
123817
8016
523985
84765
105843
294269
66530
147986
314615
179382
548925
243362
129489
341687
291358
304520
446037
110160
167267
222434
265349
257771
291173
47615
65296
563746
49650
295039
177367
359293
44967
91618
601613
137303
82939
47456
14066
227308
409939
549980
109654
217728
515048
94638
582871
44018
1556
283700
160045
220400
253282
83311
440135
570736
79830
42497
314001
145990
358908
519139
126278
609025
110
254719
157160
509452
83907
64544
117595
637862
81219
141
111833
476732
8967
12161
113102
433134
586461
308640
122095
202669
287529
358954
102844
79778
323730
657447
47104
148782
384255
84972
355197
655368
388063
1600
132953
89968
99397
271962
575817
519116
594258
194104
300542
103554
362141
664572
179837
5544
128383
558432
129549
165356
50228
360277
17367
256661
96920
121598
66151
66258
254361
211777
538621
111109
2118
18468
195173
249524
271039
142158
590015
94509
499517
10293
493099
291352
302314
294486
258
79554
93521
262182
475310
80687
216790
624047
262341
137635
87766
235815
84925
162419
119586
42732
464264
11948
47451
311267
493687
420687
46883
59482
99
95585
77621
49014
230048
37485
257376
66557
89924
1381
95177
51971
128700
617101
681505
367005
658283
285864
134662
378083
36208
371037
618245
475753
94771
163927
501547
77884
264290
46837
592776
42733
135237
65707
126677
843
74118
624045
512080
33257
146893
2204
311
598143
422431
264523
156632
214834
104726
440100
51993
68
84026
53423
727959
50977
292369
8324
121677
11222
13041
258248
8092
515049
666141
134230
99879
115227
145914
54563
327808
254399
29270
66556
386599
49964
163890
18329
215650
159500
38775
326291
426420
445012
137631
143499
690
163924
665403
45712
225663
310734
203502
250351
49984
396930
97558
148807
172673
597121
800146
112702
297861
418763
614456
656905
63322
208947
14448
130738
10098
81707
272850
89902
103590
662
261366
219441
11559
499469
505616
494972
139426
117590
33833
197361
517148
305983
7972
455272
220225
321661
103322
260680
84001
301520
238952
55651
618510
10834
255824
147
271989
74790
658806
227302
145197
151390
38846
139388
103739
260664
63978
424086
239886
278661
27181
129116
687262
83328
131339
27145
4837
38879
2861
128158
77352
110650
124480
358511
190382
85927
245856
57981
52103
2742
655289
49106
78380
84016
228116
10687
453273
354388
575448
63320
256105
223741
2455
128244
408439
137622
257156
767452
343450
47454
901
547464
83430
286569
264352
550
7326
256595
139467
54898
799020
340859
76406
53988
616556
664300
24488
629993
824569
518500
453378
123556
528405
67713
535348
287722
385164
653579
22014
233604
203375
128183
3082
54464
353983
79328
35062
560949
2973
368415
137629
627648
359170
133878
28974
199929
215822
504971
489990
90121
653665
353710
440105
220075
29193
176079
92663
613970
318093
303835
304540
479828
128831
41951
409320
394121
688133
185790
201633
649285
585443
582880
427017
346781
4898
290385
542419
10754
376092
186365
200785
10802
66645
669150
63774
381704
397271
251004
322701
538089
616301
186361
376312
10503
143409
64404
35790
171061
3037
576178
575797
125776
563089
27067
83125
171107
11779
4710
84344
117501
37495
655
27036
618362
78715
53425
413580
336220
380069
178543
468274
63400
575428
66386
417576
86815
64559
1561
10434
720057
227297
120249
8074
456437
766159
204558
390686
565735
436687
108
1883
258480
389118
345469
30020
46705
453956
79682
44379
128209
474206
137626
158943
1716
157851
378503
61081
137624
383799
154537
28971
376844
1563
152795
914
218262
256107
109129
91693
268329
217382
104338
27040
616322
434468
618525
272075
82185
141569
54436
462332
539529
385576
366118
105773
307694
12162
616538
137619
310799
12221
114180
413705
86303
669164
137641
106302
687519
270218
485329
137625
56691
126531
66319
130184
38280
697
108543
61082
44132
768333
272264
10331
166770
334924
280100
156994
185465
337998
8886
268100
262333
665002
153770
836613
473063
97989
94528
600173
643
118565
208944
42510
278461
396693
43434
264843
113981
53026
163957
11013
18290
493899
250347
401354
54901
173304
85097
10513
308679
365790
30588
29460
327167
262
519241
69915
56519
224169
263386
5279
341808
93743
358859
128389
278269
382653
220949
154575
399629
597127
261758
499
162686
67062
1491
49096
283185
144599
231565
413671
66434
440086
290550
366417
382892
19354
836606
162514
153854
141635
267299
401489
280492
65719
58699
25793
378396
228161
123757
268536
53429
323678
355276
22136
144
121200
314003
366103
84019
440084
214775
100681
129417
382431
184352
536541
204401
616013
517987
128230
383531
105675
253251
45317
36832
126104
133470
8327
456608
190845
39543
580012
28978
11976
800072
167580
128966
117596
446618
175606
648114
270469
162784
432969
81302
524780
46581
332694
115108
230415
226274
57563
64252
571687
53424
147211
123876
26782
67795
88534
94438
117588
962
649812
596868
580574
5759
418867
29972
316883
467241
53399
137645
761549
323666
47429
285697
217425
158884
311012
144597
386442
420267
687133
347037
356381
344514
40751
136409
277819
79423
290560
20932
724391
129783
386535
641558
1791
75388
518712
80799
52644
249676
361073
12116
63467
27102
314483
148811
324687
38191
268253
619653
185366
283514
98008
576100
445708
291436
291786
88284
44524
607318
50129
421230
617102
597096
660134
598657
278106
331553
124
844
52111
583345
390451
94903
315205
84028
145623
167690
475930
72271
118257
554678
31056
537868
577024
87199
171713
176034
382521
1990
278252
66433
28973
358907
500480
263253
44473
35847
198500
9364
256
113038
104234
190817
223202
280086
146889
656686
378510
491305