tmdbID
103554
501547
597121
50228
308679
67062
340859
216928
120133
64544
134662
670076
44967
97989
239886
176403
202669
153854
147280
221902
470148
420607
525825
142158
117974
164144
355197
65707
20246
392807
84344
148811
1716
138093
124480
151836
102844
364472
230415
16395
84319
49942
366103
46767
10315
162832
54659
84201
13041
99
592710
123092
89704
162419
292369
336804
209350
38846
260650
249914
314029
270218
133470
257770
95361
63418
159037
260236
73919
74122
128677
64690
96085
54464
24452
53425
315855
2346
80687
119425
336663
9071
111833
227297
5759
18680
257587
424248
64441
252171
154537
103753
319999
353933
146893
297861
66258
477268
96920
46581
471853
160600
43795
128237
88534
61814
359293
353983
465641
314388
298555
393184
359170
91618
179129
49409
160373
596868
284412
270646
318093
638
347575
128684
687519
44411
55580
333597
148782
34068
71329
145492
129489
314672
594152
103322
158884
260519
204288
70422
39543
218257
537868
5991
426420
97684
115227
67713
256105
201325
22642
499517
22241
112508
396930
79554
176079
1629
66381
24488
54436
26167
281637
37485
522373
308640
380026
28043
21159
1718
92796
53897
500654
656272
153853
401354
104234
110650
31214
79731
78715
61943
336941
180219
157847
49106
159002
582873
94528
441167
52644
295039
4550
517148
40954
94752
9323
82243
49020
14735
582880
27036
515049
156632
51409
157160
961
402050
52111
137619
595924
218262
84642
407162
206408
166770
26782
39428
464264
14639
43905
227302
303835
383799
33104
340485
37903
140
24657
312800
344514
347576
218798
12615
123817
257524
83135
440135
389389
110919
345469
1556
414030
648114
147
5761
361744
89968
129417
460646
95177
330947
11976
212969
305983
236873
39434
83907
260533
278661
358907
255533
666687
49984
139856
248934
120249
327808
152599
113981
230048
371037
669150
170998
618386
287216
41273
66557
251004
63774
962
85550
505616
589064
96713
137631
118565
121470
582905
442856
307314
483184
592776
53026
285848
46705
541339
163957
163927
126677
197010
402040
12262
63230
378083
16093
111109
401489
224613
173728
29460
126243
619653
424086
125776
18912
137625
296865
389218
434488
30588
265634
117595
727959
456608
8937
616322
439
25648
446037
59265
284613
354596
159967
29775
209274
390451
441498
32015
259433
45712
2861
168069
8016
1364
59482
14448
141635
216926
338261
197361
137626
38810
656686
285020
559401
50977
117691
107203
5879
519465
616013
235815
80799
358511
374888
17835
417576
321666
504971
52758
466565
128154
10293
283711
52103
108543
59847
126278
144597
382431
95538
165573
204146
190870
121125
5165
253301
163924
3520
122665
410191
165356
173912
22649
38879
32326
586461
249347
46738
80307
311
57564
53429
66556
128120
536541
82119
558432
154879
378510
624047
32352
418763
509452
6793
14029
560949
44018
285864
519141
81302
342179
451945
8088
245073
332872
236785
702887
78450
227211
601613
596860
665002
25783
46991
12405
271039
301520
123876
337920
344072
231565
40394
279370
268329
141599
597127
228408
110160
78563
278461
110402
40342
38638
105675
78293
54384
124085
212049
214775
595900
382833
378396
440086
414888
146889
53430
54662
155728
249524
418867
541759
266082
26860
262182
171107
250347
271397
302314
84765
147211
227308
88284
502105
432969
93743
324326
323666
226274
10165
453956
440105
380879
26280
8416
42732
50970
30867
11190
20108
609025
43107
3418
616301
294269
397271
253282
282663
107751
126328
42134
88573
139467
114180
137629
50270
271962
337155
346781
261366
109654
143499
44096
663898
128203
1394
70588
265349
53988
155336
354388
485329
576178
800072
77884
54979
550
397827
137698
597686
222
500480
13310
314483
257620
117590
304520
54898
156994
315205
210577
287722
5850
631192
249676
643
105773
649285
658160
85129
119826
123742
129549
451995
64743
38775
137635
421263
88302
295317
542419
383531
44473
186975
109
74879
475310
191648
64404
427017
18290
254049
141569
203375
66645
42585
263253
55244
264352
526129
260508
662718
544484
63946
124829
304658
27040
228161
43489
175606
575817
316883
167668
292431
51608
10831
144789
226247
616305
151390
220400
690
46788
224169
489990
84291
54539
51205
63320
427723
653665
371865
408270
110198
109001
64131
158743
287529
495758
282018
22014
413705
65719
278269
29972
426246
687262
64
58699
127369
218111
253155
36446
55544
103590
83934
144694
85525
570736
333202
42510
19120
565720
476732
117592
128216
78507
28973
71336
307836
57563
81219
53930
79423
37916
493687
339877
432996
333555
270469
2003
97558
99397
594342
301365
285697
590015
548544
41110
67795
57967
655368
128190
20932
20115
321661
247436
657447
159500
84016
337998
467660
243362
475753
360277
39995
475930
307694
299674
47908
314559
283706
221026
367005
128244
256
148807
184882
347037
198524
95585
207699
35206
63853
33544
433134
269705
186361
178532
377273
388729
75733
78819
102743
53399
31465
92642
129783
53776
316302
162514
31655
43974
28971
84001
126104
541
382561
55893
323774
345594
47620
487851
209943
65332
55651
195223
126265
77621
81773
473888
28974
29449
186970
228116
64252
440084
187022
266880
618510
669170
655515
42092
270008
245856
200785
42733
57082
666141
75388
131318
308181
96092
378503
242618
158943
490737
130738
147986
428902
336220
51993
494972
38191
27067
75627
45138
365790
268100
10997
36223
168320
512080
82185
84290
35138
28205
45458
33431
518712
17058
66319
10098
374473
117588
2455
253251
128331
19
47615
162686
376312
260664
4837
44379
134230
35847
662
216927
219441
36208
232791
94771
2440
186929
54352
416233
319373
611758
41123
21462
144611
479067
658283
128389
631471
141950
222225
519139
179837
324687
201633
121210
431212
428
26503
519116
66285
66530
31900
422431
128383
256107
544486
283514
26584
215822
15389
242580
130184
194104
106302
220949
174688
204401
217708
47909
142724
163146
51808
83311
215650
205864
198755
49781
22692
77056
35760
378379
206022
575797
63437
84026
415823
257376
358859
84028
38643
267299
79328
54901
151701
1994
366417
585443
18910
268253
259042
345910
345466
225836
92378
56405
268536
617102
264523
124735
54313
152584
584042
190384
378696
336669
24171
1990
368942
271989
33693
527176
12221
85533
325005
481245
47429
185465
53423
143409
8327
280492
172520
162784
68701
89902
41338
265169
565735
697
157849
499155
33257
39358
92663
2974
914
446618
362141
39340
113102
31556
57402
348444
378480
12161
254719
389118
453378
597693
307405
390686
40185
93521
4689
210627
2981
83125
73211
323730
456437
59050
54560
21496
434790
382892
284226
49096
138752
185790
160045
204558
123556
8939
1600
413137
87199
310734
48127
28978
172673
46504
432507
171492
110
108141
12455
72271
354170
292390
82501
275777
29437
434468
254736
761549
47456
35062
413580
149145
618515
258
22136
214069
127946
241882
45219
563089
222434
444395
103739
332694
359870
167580
27181
15077
493141
310799
440100
90121
96888
153770
137269
154857
66386
381840
117501
25499
257156
10754
145990
70808
255073
457110
113450
11075
624045
499469
518500
87561
27545
10331
580574
186988
246308
49352
50978
121200
137624
949
261574
86303
340448
115108
322745
766159
290550
410678
29982
550662
386599
32030
36703
499
37550
2973
340774
577024
420687
266452
63400
502224
356381
285463
103931
190817
144651
496049
79611
94509
318846
290385
264290
31208
307365
4886
270343
280086
103161
31076
217425
407239
264405
406
27102
214516
198324
84925
65411
94438
475215
194160
25768
294458
128230
627648
55019
358924
461685
687133
262341
284870
41799
238952
429200
394121
65046
117596
616556
323929
41781
74790
89924
87766
295056
26174
65106
108
616331
637862
325385
295051
203089
472641
176034
50129
449757
98008
326299
21508
38280
132953
547464
197562
409350
137622
129116
179382
1563
39039
84191
63978
148943
385576
171004
46404
225663
1628
137645
257771
445012
515912
136627
139426
326291
11902
48282
490033
295055
320006
186365
337676
69915
361544
173304
282131
435857
219
376844
428614
34208
53424
61081
269592
128158
116633
277819
33833
145197
377279
105661
188194
81401
524780
112053
97762
128082
315868
607318
66434
414770
47454
528405
84050
129614
341687
380069
784120
275077
36215
238372
144599
316828
272075
83128
77987
212051
338835
32598
576100
686724
18468
195173
177367
57868
79830
27145
203502
351940
385705
320007
355276
78480
26940
61222
250871
186935
278252
108199
408439
83552
452008
5544
80556
474309
128966
445214
264415
87308
165809
500833
434131
523985
334685
499164
208028
278106
356464
126531
680952
99398
186971
600173
10795
91693
323974
144156
82688
768333
374728
28503
43836
70993
384255
190382
49650
47697
409939
265195
81661
84636
21296
386442
334991
318185
113038
165023
160165
23620
529784
353710
128209
334694
31032
16447
479828
382521
56153
349003
250351
164926
123757
124
381704
598657
211777
94638
41462
535348
309134
27033
3082
4996
12548
413797
136409
138827
32234
99879
389642
270665
31056
140894
198500
312804
127925
16998
583345
56691
57981
473063
65296
220075
283313
655289
538089
284135
491305
177564
413671
38022
154575
190845
500895
420267
594258
79778
724391
548528
285704
276498
97282
29270
4808
158455
262
158782
25355
167267
621749
347823
901
409101
342183
160075
40644
126331
576888
658806
436687
361073
500805
220225
17247
81623
258248
280100
163806
136410
51533
199929
83328
98115
223202
12527
390747
119586
85097
4558
86815
368415
154082
179111
178543
171713
21224
421230