209943
32030
104242
188194
281637
105675
217382
3082
627108
140494
414888
413782
21462
171107
14654
262341
38022
129611
15804
424248
94752
315855
71396
129185
63946
65075
236785
15077
201325
218262
82533
31076
11534
261860
270218
221026
188598
321666
358907
330947
298555
25783
214138
432996
129489
19552
51241
523985
44132
130738
576100
437326
413797
80687
23830
592776
110760
614292
258
262182
250337
108141
81623
108199
87063
502105
44411
250145
384255
4550
159014
284050
232932
285704
512080
487850
33104
31026
515049
11513
190810
590015
766159
51205
103322
440135
215407
12765
55544
307694
2455
616305
347823
153853
239886
362141
26280
113981
27300
102743
414030
99398
103590
385705
282809
616322
154879
24452
61222
102844
157160
137631
14748
62437
37916
499555
64441
387641
104354
33693
76396
159037
538078
59363
22899
43738
270665
48227
576178
499
18680
421263
8416
141635
426420
44413
271039
10834
4808
378396
147211
17058
284870
333202
2861
11710
619653
46992
518712
262
109
658806
50270
82939
201633
332694
197562
390747
798322
41338
55624
79830
108543
420267
196953
133470
378379
342179
166770
490737
46705
4558
268329
260664
147986
222434
406
246400
99879
374728
128684
163146
238372
502224
48708
33431
231565
472641
629321
268253
216926
334694
432969
123817
93858
12247
8327
78819
54901
242618
261574
316828
596860
5279
219
179129
914
174688
285463
32352
42585
597110
84019
78507
67217
22014
393184
52111
12161
102691
119425
528405
162458
57082
74308
302314
327447
230048
11698
198324
468363
544486
8074
310799
4689
51533
148782
1718
27033
440086
67795
84283
385576
398590
99
105121
500805
407162
267299
396924
475930
88573
655515
456608
34208
517839
2011
453378
314559
184352
73919
186974
21159
257376
173912
378696
118565
42521
39995
264352
446037
36880
414770
22649
45999
25768
186971
13241
1990
14735
10319
24657
318846
175051
53430
418763
71329
200785
409101
36222
295317
121125
609025
65296
39387
42506
21182
35847
16135
32234
151390
51942
594152
18421
43107
453956
65046
120133
83125
51971
104726
346781
354388
25296
77884
47620
28503
77621
87308
392587
26174
186365
489990
111833
500833
525825
21508
149100
88302
665002
5899
53399
339877
1280
77352
117592
505616
20246
280100
112508
2204
317938
93084
446164
28973
155728
624047
70327
563089
186929
285848
310734
582880
99599
215650
21496
131318
50129
14337
616556
418472
304520
575452
173728
225663
64499
522868
110768
257587
59947
65332
803
576888
259433
22692
83934
70422
492424
669150
50318
53930
49106
548528
44392
165356
465641
249914
623117
105661
358859
283313
96092
191648
408439
145990
657447
220949
217268
160045
55651
96888
301365
153770
113450
14066
11948
96010
141569
325385
439
216928
47454
44497
44639
27274
22642
171492
36883
55151
499155
78117
41313
158782
266030
99657
57976
121842
81523
446618
2440
186975
220400
11928
452008
55676
127533
57563
260680
203502
22241
295055
195173
41462
66258
8672
34068
141
217425
67062
141599
601613
64
146603
40769
321661
148807
95538
38568
24738
547464
38638
366118
382833
199929
308640
27221
10165
257524
25389
340774
500895
33833
10795
110198
46404
149429
284536
250351
177367
276498
215786
158884
314388
257770
39428
87199
27378
48266
18290
441646
84026
21930
43489
196398
48282
20932
40185
63774
64544
662718
445768
536541
415823
194101
165573
84642
69126
27067
353710
275077
121470
38264
396937
83135
262802
222
397271
500654
65106
354170
378480
12548
165023
460646
66319
541
312873
29460
214516
94523
299152
103161
29291
565735
326072
8937
210577
34989
359293
57564
25793
191722
92378
48127
11976
49096
163957
255073
224169
348444
292431
8967
429200
20405
366742
143808
54898
345466
10451
655368
327167
11779
117501
59482
258430
319373
29972
39434
209350
16395
2003
247436
264405
527176
190845
32015
84201
271962
340859
82941
287216
75388
460121
88284
392807
84636
597121
236873
128410
127925
624045
617435
206408
77987
618510
158743
254736
374473
176079
617102
31465
159967
89968
170364
493099
499164
95448
326299
493899
13222
57489
493141
124735
100784
292390
320006
224613
95177
245856
24488
208028
1600
1629
66381
566213
10293
47615
149145
336663
87327
64404
5850
47723
144694
436687
204288
39340
249347
81661
216558
69131
361073
540709
177564
6968
8935
46504
75233
376233
1994
129549
50977
449757
307365
120249
444395
48599
420607
53413
46920
40394
156994
140003
162784
137635
2014
384693
258480
351940
117594
46991
82243
278661
84925
282018
666687
285020
113102
962
82119
54979
264523
64690
325005
287722
168320
376092
256107
219441
28971
228161
84290
410191
504971
3418
389218
42510
163924
687519
152599
121869
220075
130184
314672
341687
291678
203089
253282
7972
345910
1394
137625
505192
31900
295102
32604
509452
305983
34131
110650
40644
80556
24804
63400
479828
103931
147280
473888
616013
2860
17835
66556
44379
2694
162832
11315
27359
397827
597693
26947
97989
63660
473063
359870
64252
29437
151701
59360
123092
121986
154575
378503
13899
42134
263253
12659
41799
431212
560949
37485
544484
290385
26513
265634
442856
153774
89924
107203
11148
215991
423646
949
54560
26005
616301
221902
26860
253251
93743
314483
133878
522373
117595
47697
278461
17247
26940
427017
23720
108
38810
382431
595924
9528
2000
45138
269705
60531
14453
475215
214069
270008
1628
53026
206521
265349
52644
519465
5759
78450
27545
490033
51993
365790
159500
36215
167580
323730
254361
125776
110398
143764
295039
301520
87561
381704
145197
128966
355276
570736
66285
129783
74122
114180
206022
112053
228408
323929
91693
2239
398818
12405
294458
46883
104241
57981
12455
255898
163806
284412
145492
97684
32326
558432
64131
589064
61081
307314
53200
253301
43974
45996
529784
13041
435857
22274
139467
52103
128677
235815
382561
496049
29263
18910
283706
155336
790733
68892
13310
333555
193691
49650
144156
53023
548544
154537
63230
427723
230415
11075
2346
45317
68701
491474
35760
76390
270469
399393
136627
29270
255824
176034
70808
128216
146889
227302
213087
31655
4710
279370
428902
467660
649285
420687
2973
26503
65707
47429
396930
11559
190870
368415
204558
336803
10802
367005
82688
6793
84768
66645
53424
126243
371037
46982
495758
79423
79731
128158
119586
426246
499517
336220
54662
582905
594258
36446
47908
434790
315868
38961
136410
287529
63049
84050
49020
162514
128244
348678
451945
86815
388729
345594
50789
167267
616331
84016
59265
73823
101998
14029
51409
31208
49671
54384
44986
31556
413671
249524
364472
45219
349003
280492
140894
35062
21224
27181
347037
128230
113038
46788
338835
53988
116633
387936
33544
24171
407239
171713
44967
162419
251004
106380
475753
214775
178543
50228
690
5165
669170
596868
312804
323080
40954
408270
10331
383531
164926
80307
55244
97762
356381
26782
41110
517148
103739
9261
225836
84028
261366
8016
202669
413705
49600
540870
697
128389
42733
89704
150049
337998
389642
40342
121211
582871
74790
526129
418867
186361
338261
25376
42732
172520
336669
342183
350037
376844
26584
318093
37495
653
113148
137624
201837
137269
124103
40794
410678
8906
5761
370169
41123
184882
39543
90121
185465
92642
197297
67713
670076
207788
79328
687262
500480
19
15014
15389
31214
109001
157851
43905
326291
57967
474309
147
98008
10831
224244
54000
78563
124091
59358
20115
173304
66151
38021
57402
318185
115227
656272
285697
81302
45202
16998
334991
43836
284294
105779
48204
524780
38775
422431
571687
1714
152584
309855
378446
88534
65229
94528
93521
123876
390686
169905
421230
36223
271397
535348
409109
56691
55956
106302
128120
223741
204146
262585
58496
25355
368954
63978
84001
25499
99397
148811
283514
637862
122665
312800
29775
96713
597127
77056
28974
597686
50978
117590
259042
285864
366103
1560
337674
72271
294269
343140
137622
9323
655289
388063
258248
270343
41781
264660
53423
221732
137619
445012
441498
253155
485329
265180
19120
417576
227211
160373
52728
95585
318914
575797
16093
27567
72558
290550
32511
94638
228116
8088
611758
61943
374475
246308
64743
137629
168360
333597
278269
138827
124
81773
418078
96085
575428
377279
21296
141950
300542
124480
257156
54563
78715
547185
103663
171004
14139
55019
203375
315205
17181
12527
153854
297861
63555
471853
70588
56959
5991
658283
559401
75733
4886
56153
222225
175606
221731
27036
83430
643
261033
247777
586461
466565
84309
486947
85129
51608
95361
386599
44096
260650
127946
57868
97558
84968
353933
46595
1883
59266
226247
82929
242580
366417
254719
212049
378510
310568
78646
266082
144789
46581
249676
11900
241771
65719
83328
314029
40844
163927
107751
434488
308181
374888
128209
257771
144599
504582
340448
428495
1561
241882
680952
126265
94771
126677
2981
319999
278106
250871
179146
112555
82185
54659
157823
501547
402050
75627
10315
227297
35138
144651
91618
1364
198524
134662
158455
110160
128203
157849
36208
37903
126278
26564
117596
187022
59847
257620
211777
368942
429191
44502
126531
66557
631192
299674
4837
49781
216927
479067
27145
63418
25142
10997
580574
144
160600
292369
295056
12615
353983
344072
23620
394121
41349
143499
76406
428
401489
457110
470148
456437
282663
61213
203280
28978
50037
434468
9364
47456
85097
198755
494972
51447
409350
125103
662
54464
121200
33126
519141
28205
91067
592710
347575
784120
159002
618386
70322
392775
383799
190817
128082
126331
16022
74879
146893
30588
416233
515912
491305
5879
110402
56815
22136
42092
142158
55580
961
45458
724391
160160
86303
110919
71336
424086
45763
727959
429174
25648
54524
59490
359170
12140
1563
25050
81219
53429
164144
295051
337920
361544
66434
160165
197361
121210
123757
41273
94438
336941
323774
156632
255756
84849
55613
9343
260236
139388
165809
83311
38643
268100
382521
20108
139856
277819
79778
97282
476732
85550
82501
142724
658160
129614
128190
57602
110
126328
49352
66386
37550
575817
271989
477268
594342
42707
621749
382892
358511
663898
14061
138258
275777
434131
308679
45022
332872
320007
44018
190384
487851
28043
336804
653665
389118
584042
62569
627648
78380
250341
69915
220225
5544
65411
255533
55893
10434
285024
284293
245073
16447
254358
117588
260533
268536
761549
146678
595900
218798
24684
380879
227308
483184
123742
264290
411019
66444
54539
92663
128154
337676
2974
176403
218257
334685
537868
515048
256
445214
167668
167935
103158
355197
254049
607318
123556
264415
127369
134230
72721
85525
80799
49687
212051
378083
118257
98115
347576
14240
461685
109654
376312
666141
137626
309134
111109
18499
22621
238952
104171
14448
194160
541339
656686
585443
687133
86555
265297
433134
413137
441167
32616
79554
659
58699
47909
510034
56405
54313
371865
54352
232791
358908
327808
63437
124829
49942
266880
118556
336050
631471
53425
577024
401354
195223
29982
340485
137698
40651
428449
37209
124085
78293
449643
38368
79611
63320
85533
17367
440105
648114
1716
223202
307836
323974
31056
41571
352205
768333
110772
33138
81399
50970
324326
125636
46767
83128
686724
309843
83907
702887
226274
550662
464264
123497
137641
186988
104234
76226
84344
105703
24561
269592
296865
536881
104282
243362
38442
499469
38879
208944
260519
78098
266452
210627
139426
157847
493687
53776
35206
99648
50797
46069
160068
158943
3520
151836
541759
39039
440084
49104
322745
128237
54436
27102
179382
89902
46738
23965
390451
324687
200627
204401
381840
598657
92796
103753
80115
481245
402040
132953
197010
190382
2469
1556
205864
284226
26167
38280
408261
413580
84191
303835
96920
140
1919
344514
105843
12262
180219
78182
137645
43795
278252
162686
451995
73211
38846
178532
377273
40751
128383
11659
168069
265195
44473
127901
31175
91186
129116
157827
11902
18912
11222
191531
255619
105773
117691
51300
136409
29449
32598
538089
284135
49984
337155
582873
10754
28942
81401
428614
154082
8905
179837
207699
11598
250347
614151
58777
565720
4979
119826
9538
393520
260508
40575
58251
209274
49409
389389
345469
191639
519116
84291
39358
23207
356464
59050
61814
280086
360277
5259
159862
172673
63853
316883
331781
638
85559
272075
144597
215822
170998
53897
307405
18468
282131
26302
38191
316302
144611
146523
13433
10098
103554
380026
186935
440100
314615
358924
30867
270646
265169
45712
11190
14639
901
8939
154857
198500
70993
110946
380069
87766
542419
12446
30863
218111
252171
354596
583345
160075
33257
44009
444400
618515
185790
707327
138093
31032
311
9071
66530
190854
25649
94509
314625
254399
186970
426238
655
52758
78480
218974
115108
256105
386442
518500
130798
126104
100224
83552
84765
96574
77771
722406
432507
12221
304658
600173
283711
284613
36703
139945
129417
138752
17295
519139
361744
27813
217708
148943
453278
212969
84319
194104
27040
45267
250300
4996
323666
475310