tmdbID
532865
614560
556984
722913
641662
27205
628534
110415
615667
11324
581389
308266
769
161
371645
49519
22538
430231
65754
581859
122906
1422
618416
500840
138843
473033
37799
620897
499932
36557
491584
7345
68718
8363
188166
592984
5915
682110
43539
77338
185
376867
667869
762
340666
879
242582
429200
493551
334533
861
575774
1417
82695
449443
693906
653574
396371
163
242090
212778
402
10764
9659
328425
37136
399057
560050
37735
391713
10528
259693
394117
273248
245703
903
306947
411088
591
204082
192141
241848
82702
792
619264
298
84332
402897
84892
547016
575773
785976
2667
417812
583
1824
520318
50014
1262
7553
2270
8848
258480
428449
14291
783
9461
157354
411728
497582
9470
398978
2024
406990
545609
475
44896
411019
371638
559713
24803
321697
13448
80278
13223
310307
325348
132363
653725
531454
537996
14811
513576
794095
103731
44826
15037
339419
5825
258230
575604
117263
492188
302401
597219
502164
574396
466282
14292
387426
432976
339987
582927
1587
10707
339692
266856
426426
10229
412117
449992
22794
528888
504949
14756
435577
342737
34653
15371
451480
316152
10527
140823
5902
340485
414425
653610
48138
28387
743601
276907
407806
10398
463319
378064
376570
74643
343674
270946
309809
23169
664280
773655
458342
551332
604031
539892
458594
435129
8293
64328
500682
549551
397837
318121
57212
27995
565716
559969
384677
450875
505948
339405
574638
39254
208134
425591
238615
429300
13813
405774
283227
149509
294016
737157
9588
17111
198375
489928
5255
44865
18491
638665
256040
576560
529216
567410
245916
354859
27586
381696
17159
306819
77174
342470
284427
158999
327331
11497
667520
566232
455714
4927
595864
454227
489471
396398
530254
9297
699280
13523
375012
75674
245168
419635
475215
9408
408508
653567
438145
342473
477331
488623
481432
352173
332979
487291
371449
417859
10198
19666
776142
22800
474354
636565
422803
318044
449924
15251
489994
283587
231576
474051
491480
684700
457799
531033
75900
82703
683287
401200
8204
586940
627070
391710
7508
115199
43959
603106
585077
576692
570973
484468
430447
379441
472734
51209
569547
465003
390520
337960
508965
751267
463088
665251
696000
436343
26389
503257
529531
470401
53457
22975
340027
13481
525183
539819
566222
622855
637920
469019
544415
396493
567860
500850
121826
110146
33774
489998
193613
624932
534780
489927
534490
472805
263614
365222
70667
299782
282297
514758
687156
113082
542928
673175
13368
719410
714338
493101
520777
726887
597594
576712
565312
625128
754612
408159
504561
407436
473408
39440
432789
37472
378108
520594
274109
353571
653495
508466
553646
651906
739267
360029
650073
31032
614564
257245
401104
334517
367215
523561
515916
41120
563708
753583
41378
82620
15302
514710
250700
450001
297222
316715
415086
350312
658092
78698
448444
433247
432226
359093
433356
19973
86705
412202
474433
15104
792517
403357
317560
411009
690848
42649
653735
541578
392553
25461
129112
456154
11854
216652
497916
610892
689249
247645
615466
675108
400608
47324
555530
440424
735919
658412
53163
490000
428584
46404
508933
642739
433252
53596
472424
566221
610596
518764
471616
244001
510026
632618
472983
411638
460822
232175
736759
461615
458793
606215
753230
436120
528949
496310
308571
384487
44086
538002
515911
527435
375183
413579
408619
159037
520789
570735
593691
474569
412209
508747
432615
553456
619625
191489
453205
300424
351145
466485
421447
421560
23319
543119
523777
61202
675595
755688
432011
338544
408537
671652
21210
590872
782973
439058
430043
171910
740996
376389
513347
156284
423093
525814
371463
411020
589367
530154
445030
540158
695476
409421
548537
393764
597965
489982
411011
7913
209799
718831
535356
597089
440319
460271
521296
2287
10757
81527
108930
540556
505175
36971
160859
563987
8079
84404
511815
378441
36963
82825
318225
610643
468362
743059
75301
574950
564898
362226
575793
452447
15774
568332
451974
509904
726940
410970
16907
530973
67109
11807
58128
507896
34681
439059
32517
415358
600014
367735
15977
42189
25474
17501
107215
524377
448448
34515
374460
442087
595490
648090
610905
430780
353464
524087
355020
597622
464974
505159
153158
345630
376228
447856
487476
256311
518045
578285
405314
622845
429450
558341
269198
14752
565255
514575
490928
4254
15772
152581
411023
13317
649368
393729
144288
42322
169864
440767
517596
642203
56287
649800
675267
1583
483010
619650
102517
628053
127501
538362
118412
280795
752939
19887
19624
41993
435841
512295
9958
433049
70590
521512
592867
539784
413136
436356
430161
58333
336201
376426
554175
56435
504231
479263
511791
372689
557606
621753
593961
20342
339274
459698
28740
67793
642268
26797
254712
505951
431339
381071
252841
153549
30508
533991
15049
456287
22707
438373
215776
394689
564638
42360
527664
17165
334878
783753
246569
328037
14073
596204
545556
473812
437036
330037
73245
521772
392734
613446
371465
456193
360341
765613
581361
550248
535692
655293
377213
20982
556907
374252
633517
127370
264525
481447
630109
381043
457258
310001
478413
529790
41109
676792
19156
357405
527511
576126
573911
486225
524323
11949
420697
499394
147129
604130
543688
613090
62071
14134
154989
48301
332675
429801
564295
627133
72502
752885
755328
432870
759216
467113
755339
85944
408623
639834
25117
348611
120811
517975
444246
402693
20359
45316
573915
21297
437033
46387
31525
459295
259395
512218
111027
532789
520370
507569
261039
378227
651235
382883
127471
20837
80523
253154
259720
451474
251626
539036
289333
442000
184219
360408
659086
425003
55804
465870
330697
430830
310567
609797
40939
619154
432959
20294
84154
661728
304023
573910
276614
688848
66753
545634
19658
570137
467106
69891
44549
567525
402692
417489
36728
539445
461118
444681
20360
253266
205015
518671
46800
587682
337876
505688
194523
349158
50723
532944
580846
623627
361777
20492
377690
413388
14542
564177
302376
440792
413543
461634
14541
497520
50571
373339
649802
4435
475517
135718
611716
515409
60378
411038
439601
592564
44123
393562
636709
440596
353614
438486
516341
589871
84067
369927
338065
376873
559673
45002
325892
593489
778015
532374
372981
257190
390782
14898
552404
21555
480651
458310
241882
538126
363413
585862
102969
75624
592136
608658
429765
397093
550302
479918
17581
168245
39442
359105
531002
284288
136303
484413
532100
263111
376916
27866
16344
284729
587910
433084
544795
53284
19637
515353
435351
355786
396292
506731
603570
56084
123652
464458
426568
362256
538620
551745
593060
27561
14071
81434
621561
43410
286407
401285
172817
118442
341176
553644
489852
366885
190940
475013
565122
587488
752455
138370
37403
49834
432025
15975
527524
507618
412489
161834
521867
374173
16910
598254
512959
171160
502137
230158
441875
282268
404022
37032
659731
21557
541495
601516
553649
15419
465642
41518
18861
309817
505832
378137
327225
577328
176354
480308
397490
221418
84250
675598
392891
639411
553645
427348
521929
413838
751182
381707
49184
442811
19672
22537
441889
500723
33142
485157
492166
453419
437752
649058
346615
105506
512338
19611
452313
423122
420541
227108
406147
630220
37951
598065
709681
553648
553651
743382
55311
752618
396093
661043
403867
452196
398535
165904
613999
425498
356464
71562
531122
289339
86004
19620
32092
592875
342550
30634
631912
535408
267959
450005
438592
585714
413773
439107
498249
589853
358329
482154
226632
250769
462104
404604
64004
522842
657183
506157
96398
411612
730420
432140
637805
716978
199139
534993
553539
401911
415735
451899
534110
508438
473313
473307
33081
473545
295748
304030
34295
37673
652682
614698
34764
746752
546230
589116
739246
20688
313755
413771
592732
517827
589138
496328
385114
539470
217720
688368
446048
508436
21175
37963
33067
354818
318654
420827
403579
408546
603557
544681
595723
474155
653852
53569
538523
63467
398421
552436
403858
300685
499607
499588
363343
776673
601434
603562
16537
376482
447904
548564
386591
589527
499969
325803
589964
622348
523807
46463
718866
566674
526145
627072
280167
49220
627453
551027
692851
504314
250653
134702
527851
547650
271323
208377
287594
601781
354544
566100
35572
358901
282761
542694
18060
669525
440790
522393
447842
35695
69785
543562
452394
13123
532112
546241
434452
378230
412200
34297
594712
613710
506971
507729
505821
191159
44108
307609
456705
778620
710712
167983
594006
26461
540136
367196
28805
429289
512096
478054
60700
72733
39218
137144
540932
561118
414824
557445
538528
611060
623344
248698
572194
421854
488621
199456
576225
270780
523857
316821
434376
546573
223566
437018
33556
413165
567524
591244
522326
372844
46428
399983
642738
535340
379832
59362
488669
504437
442247
671909
93011
506767
67099
588362
486882
584416
727502
508822
240865
494480
248211
172705
387914
396033
601801
377911
486471
326665
429784
512898
25661
638691
450628
294136
415800
638072
717646
235990
619553
584166
329638
370852
326241
245439
347561
300521
522144
422991
438555
71950
602760
666397
606413
577970
4252
417026
535077
547144
555526
610505
551605
314462
581449
58375
463040
56334
329172
570773
203552
522449
544295
449359
205077
606779
513282
416512
482443
529414
469021
571576
302104
65683
365675
392251
233364
141803
510458
38302
630750
413845
412190
594426
447043
693860
414957
302227
468012
115233
467403
499456
104651
684542
496321
477306
647934
507574
197631
548185
191146
501869
314677
516535
43405
59372
468016
512188
46379
459377
529528
656566
369820
490818
515347
412210
631828
123651
486250
107800
166226
755074
599811
530276
395061
12275
739227
549443
52800
212864
183445
447954
336736
427298
623392
503352
356644
523704
479269
352805
416867
320996
609844
572667
500787
509997
430978
510296
510047
123224
120624
266315
655507
400387
533929
393430
468366
497027
48658
549450
637917
432883
460207
96428
525831
492459
90772
638226
454361
268824
599318
443518
538583
218902
317916
625759
708322
476781
353338
457372
616232
600023
128132
403608
710647
703849
564862
568718
376026
476291
209995
495570
51123
462108
75190
485085
550294
642553
582349
543646
490046
767800
61655
506246
688365
121173
403911
424080
520761
44090
53236
260112
501014
184791
262918
385453
540762
466210
542794
609169
569093
481004
557881
421479
551867
579474
491478
500595
461735
538657
539142
561556
601666
587996
614911
430231
644092
581859
611285
70435
649087
539885
575774
6795
506072
163
775996
560050
461115
552660
9622
204082
429476
242095
614409
1966
2667
520318
527660
270487
780154
8874
122081
334521
64689
334536
505379
531454
15037
38167
117263
96936
412988
423204
11191
418078
576156
59968
412117
4564
9416
1250
333385
384521
526007
733156
256274
433808
10398
568091
614696
157851
76757
250574
199373
778870
546724
73723
14817
271404
605116
613504
256569
458594
521935
537915
735129
395841
4806
171424
440444
565426
5559
608195
397837
415842
475210
734355
384677
424121
509967
109451
316154
396806
382322
347375
376134
208134
395814
238615
16996
535167
567970
9678
283227
149509
702525
463684
62206
36739
146198
335866
429415
83588
581600
9038
13950
489243
567971
290751
515248
530382
536115
354859
14560
27586
399361
611605
97051
514999
192102
342470
582596
68737
310133
452507
324670
363126
517909
425972
13523
37821
75674
301804
455839
62764
277685
786357
527261
571785
422114
483906
401371
145135
81796
16296
606755
11359
71688
459910
367147
493058
560044
10468
411144
452015
321258
454640
582607
8814
28355
446695
291356
9257
10735
463843
106747
495843
246080
529962
283445
457041
23172
410199
617505
9982
531503
433310
362826
531033
561362
419479
660609
8204
416234
432301
706510
461130
626393
15138
426253
615665
400106
441701
503752
239568
456750
524738
333669
309886
497864
513083
585077
686142
624808
584962
653744
50357
510498
692969
438457
145220
12589
294132
199928
644090
365942
430040
139038
665251
420648
774054
575479
4970
11137
499319
449985
359412
26389
434203
308457
583143
302349
523139
570352
483435
295151
480572
12193
301334
415010
423949
316021
77950
390051
522320
658777
340601
757860
622855
544415
396493
787298
97399
460034
336890
585759
82505
9893
40805
454983
279690
314385
571891
534490
484510
467824
14444
622963
301355
615177
483202
502143
451184
471014
435707
49012
631997
355193
368993
41513
441614
714338
333663
706503
520777
674944
263341
345918
403605
506863
16340
336029
457243
407436
432789
317091
624963
80591
336011
653495
38842
114155
460321
134371
227735
77875
332411
437311
50359
77931
397442
411143
397717
417643
369894
668602
543540
674607
234212
340945
340270
499653
415132
450001
107257
24655
587301
316715
333357
393717
612571
347689
707886
78698
430826
731949
414190
513691
431075
470897
511785
518452
477033
227783
276902
403357
309298
425134
611395
586454
738215
634524
354287
479040
658751
647785
625450
413471
780632
703754
178915
305342
583083
773998
598133
615466
473415
419472
315064
371447
513409
492719
598586
84338
15189
521647
339396
534338
11398
542917
408626
428584
567973
623195
57119
392207
519674
368304
8926
774372
72358
241258
518764
457962
390054
5375
438396
433036
381518
346671
462919
531306
424510
455479
480210
232175
364067
622654
613099
419700
463053
44086
664177
451563
389053
24418
422615
353570
452731
438347
286521
375183
257440
339792
431819
393172
528985
466876
412209
159664
422619
732359
417257
595521
79113
612706
41869
673768
318256
594188
406992
619278
401743
408873
654905
430446
502154
345919
372782
635769
450489
620883
459225
673174
433251
484238
420426
660549
16411
323368
576704
426272
486334
410554
478159
37004
476549
430043
5852
494407
89899
445954
323262
556803
613225
530154
360055
323674
530956
468339
447665
438468
500535
311764
754800
340584
519035
399131
535356
88682
413990
423611
313943
734280
54959
465109
72946
278774
495193
353378
738646
435050
503619
347666
323679
747349
408272
505746
457262
411405
610643
115124
584828
496076
658760
531509
457915
646955
726940
416148
453759
436931
364220
449891
486269
466190
87155
75197
426257
443486
424661
588001
291869
89185
32982
580001
510073
591629
138960
284514
335053
413658
637627
543753
555605
153158
520765
345630
517940
581998
256311
405314
611207
434767
34179
339927
449019
524124
699511
428612
432787
515841
503811
768520
762511
48186
369860
346650
504603
366644
500634
556509
426265
56287
612701
462469
437294
369033
483104
531949
300667
699519
519253
381070
366499
433244
348391
768509
586333
450608
340030
520532
589023
487414
752939
19887
318850
606117
405965
395763
652483
433623
277432
592867
574902
306952
471690
419176
375098
399896
471612
348555
56435
462445
529210
467673
500705
348035
485504
517324
67793
437310
298582
449755
306943
509080
416730
558343
402582
457917
581958
387827
783753
426285
246569
437029
497622
433878
487358
581475
355008
557968
437036
513223
411679
95754
330037
392734
15860
371465
311307
314690
496283
404791
706345
672745
447113
383567
487156
668291
562250
642889
481203
511858
614488
330333
455842
502350
364615
646079
352025
13741
480007
428687
571495
586954
356334
376658
537795
396920
437380
482900
640421
301825
502122
502166
398920
511897
517327
424988
635489
502133
375107
14395
41748
436828
436994
432870
454774
563737
528222
447818
412188
639834
757929
425942
364223
513574
656563
455601
726649
571451
300605
471513
533983
390777
739518
336790
370765
304441
515743
419446
541340
396289
531438
336805
370665
430830
516525
639414
541768
442056
497370
393407
454854
448763
376047
157293
20027
345718
436827
555850
348537
495659
504859
194523
391629
557336
494282
725082
507143
210498
611081
441906
616819
413388
513460
543774
62883
412195
66160
50571
425234
4435
591121
730428
625561
502616
529202
439601
426338
561417
525938
508648
581420
621727
64215
83721
566039
462723
445605
391700
690596
485612
428142
517298
527246
456544
550385
455656
726661
410965
508018
656285
603055
585862
610160
102969
454292
363807
512019
345170
534939
541620
538604
592136
376972
502581
479192
61037
14546
563943
574303
550302
510622
360365
402672
600335
423453
755340
648316
515333
390407
668195
723895
531002
209340
352492
585062
460059
136303
484901
404531
532880
278464
602646
537406
317467
540871
497522
364327
381351
403068
609660
582352
282353
83390
360354
467548
533992
574489
459965
97351
285595
575219
413780
774810
393731
14071
85590
504345
450647
655831
542930
361712
401285
366242
519804
433479
487509
541458
473637
636698
160242
56338
587488
276928
233444
624078
532620
387805
573917
329864
308174
414455
37032
573921
44749
544065
442133
510338
140380
351097
381041
18861
597237
455918
478100
176354
411268
577332
16345
493655
659676
416290
228355
46386
427348
521929
21905
217129
746957
744676
6172
602310
426558
573106
393821
570910
551809
517829
391778
710451
105379
523900
317936
649058
392271
640076
533148
24827
57081
537526
436769
14478
502298
423122
444404
41901
166027
353989
78686
389088
423516
441592
737802
577990
587693
438783
493224
622327
661043
549599
593280
464315
406204
357255
486982
474720
531122
493620
431072
118385
291157
544530
653904
631912
441071
102353
390341
331359
632318
358329
160342
250535
24613
226008
292111
506220
616700
432140
264729
134215
461957
84533
432167
363925
323658
353879
524034
222951
451709
229746
495603
648968
470906
520335
388757
410207
422753
718867
33081
476046
595822
537170
643438
465145
589116
333931
313755
393712
342169
450308
562490
706783
603519
402216
636126
536771
706233
686941
582868
687136
488529
382750
347009
170991
408546
642803
125527
476957
453404
552180
48705
102632
595266
285043
252981
447904
192097
298714
455549
551300
50099
103198
303742
264402
335031
570465
85039
542444
150859
554601
186610
159090
718866
566674
290283
526145
579605
39537
485442
627453
443526
667040
692851
411852
366887
40777
500055
760314
642657
494950
450607
471872
483768
531736
366759
311725
449479
575771
373453
468033
611537
15467
66574
412200
635497
537957
280064
15939
474942
263428
507729
191159
41511
44108
621681
569954
477767
297098
318106
416497
272668
453596
487047
412196
487852
466987
317214
373016
567145
335392
130953
575009
627078
429677
60740
180853
655832
771305
44972
488621
629005
614256
287859
169821
76146
561297
637395
658739
725084
303904
332909
579104
408522
603566
505879
605199
134380
515114
617123
180761
613183
135195
473277
292828
585836
235470
441834
642738
686919
463063
627796
463752
525235
493201
272094
69774
471153
602473
408544
494644
240865
408202
760653
595503
460578
67077
209320
521753
642749
544487
287420
636593
525041
630601
601801
25661
165076
582350
56666
415818
437013
645370
527725
202148
329638
652809
423189
347561
195737
532108
522144
438555
66208
611284
474084
602760
187003
272420
588346
428040
417026
221458
129415
535849
660056
639263
416240
51252
480409
372337
715819
668390
505544
415914
478650
203110
584050
648337
418798
463040
35708
46413
544295
21607
531729
596178
456635
227338
390603
362988
274326
456210
315509
415813
498366
623973
69504
511454
41544
527735
435630
412190
594426
644350
589677
67021
140033
617268
582376
471919
688527
220576
278264
246823
718845
468012
390836
572210
408245
112318
288287
647934
347264
198444
197631
66173
748440
237350
534402
486331
107565
125186
217446
491423
602456
391756
564127
93320
93320
314677
354141
447447
566319
506053
150054
59372
543786
406854
60207
503577
626258
278258
459377
41980
532162
520587
615137
529528
272820
602891
452080
549650
484619
478570
369820
79862
617030
78245
611710
596335
309915
636561
634304
464441
338281
211108
413166
583139
501020
69612
22101
391649
385923
549443
85043
552752
477297
51523
447954
336736
57773
422032
520517
429126
707504
482278
668632
490154
584427
451001
548001
48644
337520
426461
466391
433138
48658
411935
384241
526039
495533
60184
307583
90772
132744
351410
482909
663360
559690
508864
520602
404459
566067
396865
654580
421060
151524
161468
272448
471894
468052
570341
156984
632718
164046
455272
19276
435792
469814
464515
460500
52667
516038
128132
428327
204233
512153
412189
613039
560203
189549
530217
647496
629742
386352
414101
397367
274472
142993
766534
333660
270347
61655
494804
216969
232726
321761
466998
554954
496837
532406
521041
415524
526231
72283
424691
439031
474590
164859
743875
470616
381685
499902
503877
564356
516203
529630
256577
569093
474048
472046
456432
376199
407937
500595
281300
502483
298522
66171
546922
539142
613959
263472
11231
595149
493065
524840
530442
664413
778870
613504
749618
615677
475210
10196
9879
11637
536115
785530
468291
724989
505225
56288
37786
4258
640882
433249
268229
594084
51481
249660
500921
580630
139038
302349
466550
455957
360814
351460
724717
787298
339095
582885
476926
505063
517307
474299
407559
520901
329440
266639
456529
369560
481375
399173
145221
49950
8617
420260
353576
455675
347969
396777
463906
499726
292280
480210
70868
726664
408873
589165
576296
485415
612152
410554
157544
25132
447665
480157
587970
4963
659674
416153
412105
593495
522417
362583
14123
518880
248601
20132
343829
257345
532327
375872
614205
754433
612587
423733
591237
369033
541100
472838
69536
661227
577647
652483
277432
573560
353440
627879
242441
621300
453807
457775
637157
395925
756252
470006
395807
104859
653522
765123
611468
449684
488113
590164
282728
551608
639832
629277
502140
522246
560362
696160
277546
676844
356901
451303
610045
517327
593035
545963
401060
586347
550870
576953
503403
403509
107227
582570
592348
429238
410791
516525
504321
572037
511449
574374
437023
695596
607072
437739
591121
479957
503902
585997
129507
661747
469113
567665
433245
433018
438639
143844
467239
413884
430474
504331
583247
378356
539619
361712
632587
604195
487509
533534
73582
485774
635776
650809
329864
571650
506951
544065
442133
190663
387585
326071
576040
420279
524736
568287
105379
469922
602707
668156
628039
464334
444513
559957
593280
733352
441894
522619
373878
582186
217930
553608
492184
417015
563766
461931
735110
515875
362136
439961
49679
616904
694447
197292
374211
605373
455004
83382
440888
547177
569578
610619
137180
601807
362140
331205
413036
475854
478548
471981
349138
543684
667018
683199
422229
170241
566494
467028
645009
638546
579192
252674
160255
381961
352099
766333
556310
518148
606714
215383
388427
41511
586467
569954
602562
552871
718863
655459
374767
639609
160243
490410
429677
126284
412869
391613
516047
488446
13544
180761
19671
569133
24864
456565
103427
535488
493201
272094
180680
631021
496029
586599
538366
61674
510281
588346
61400
305641
659153
237305
620814
10257
175195
363192
405458
430375
560955
469932
510262
563355
286570
476794
264245
659381
505929
220576
138755
30695
461980
327905
476135
500788
490760
197446
627446
427557
39347
309138
365037
476273
172420
249222
643533
278258
568212
371084
189017
316505
24604
502875
748402
617804
543248
180855
496748
22101
330636
412194
463905
285664
773936
469063
691148
490156
449204
473549
304157
183307
373564
124438
631857
699673
542642
372121
509950
588904
584556
428361
609790
542008
406490
167826
448723
514025
328319
504062
497720
372112
499355
249231
106507
465148
274472
256095
466998
593295
565590
20175
306136
20507
262547
394078
471714
445841
164859
471718
419530
488424
57407
516203
468014
556692
499186
466985
72745
486299
204236
501013
556802
491179
585969
154366