tmdbID,Review
315635,
9602,
329865,
423,
111,
101,
1885,
500,
353081,
396535,
68718,
297762,
83666,
4348,
264644,
399404,
447332,
398818,
329,
381288,
1677,
615667,
310131,
581032,
27205,
101299,
50646,
324552,
722913,
1724,
380,
16869,
284427,
273481,
335984,
6479,
11324,
374720,
371638,
857,
2034,
291805,
601,
328387,
105,
614560,
152532,
532865,
783,
953,
14,
556984,
23483,
63,
122906,
8363,
603,
363676,
9323,
458737,
156022,
22954,
196,
131631,
137113,
557,
306819,
339403,
155,
522627,
8619,
149,
473033,
165,
293167,
11036,
499932,
44264,
131634,
37165,
97630,
7214,
13,
22970,
102382,
1930,
7978,
582927,
641662,
96724,
9533,
163,
9740,
785976,
75656,
575774,
1858,
399170,
723072,
74,
667869,
505192,
496243,
129,
9352,
60308,
744,
583,
354859,
446354,
49047,
519672,
1581,
636565,
581389,
306947,
300668,
242,
7347,
605,
4982,
138843,
49026,
353486,
398978,
109414,
2105,
259316,
637920,
10625,
372058,
15373,
339877,
50544,
628534,
85,
76341,
83389,
1366,
33774,
397722,
587,
98,
634,
954,
347629,
11321,
51497,
90,
241848,
228150,
9502,
2501,
568,
9870,
346364,
460885,
298,
55721,
12405,
581859,
773655,
13804,
75780,
607,
576017,
89,
22538,
388,
312221,
644479,
4935,
8392,
180,
480530,
266856,
8467,
1584,
693906,
551332,
500840,
138832,
54138,
49444,
11621,
491584,
135397,
308266,
1271,
762,
650,
177677,
56292,
137106,
395991,
387426,
149870,
400617,
128,
157350,
205587,
10191,
203801,
1255,
87502,
201085,
10515,
300669,
575604,
4254,
406997,
22947,
87,
7485,
604,
7516,
198184,
9944,
2300,
245,
168259,
25195,
1538,
240,
259693,
251,
855,
263614,
256591,
9799,
388399,
146,
402,
391713,
395992,
507076,
20352,
592984,
84892,
205775,
560050,
458423,
492188,
376660,
540556,
10830,
80278,
2567,
411088,
14756,
12429,
9837,
752,
296524,
82702,
10436,
9654,
407806,
10398,
190859,
227306,
2502,
274857,
76492,
505948,
39514,
9475,
529216,
16859,
426426,
10390,
406990,
81,
44639,
11009,
20504,
72105,
21032,
466282,
488623,
2668,
493551,
339984,
457799,
59961,
239678,
93456,
38055,
7980,
620897,
72190,
2179,
3580,
545609,
149871,
451480,
345920,
51739,
342470,
321741,
37797,
257211,
11253,
49040,
371465,
537996,
8909,
547016,
41630,
14291,
82992,
4476,
396422,
497582,
16995,
619264,
254,
376570,
8488,
531454,
44896,
242828,
682110,
9336,
653574,
330483,
15370,
956,
334524,
565716,
15283,
21057,
4964,
11836,
318044,
7443,
10527,
16198,
18405,
14462,
588,
2503,
12159,
20662,
39513,
3933,
300424,
1374,
533,
316152,
505262,
309809,
11283,
8913,
392982,
339692,
9058,
22794,
11509,
18491,
513576,
417466,
107846,
96,
528888,
261023,
574638,
491480,
7508,
576712,
374473,
82525,
10423,
11148,
405774,
504949,
9762,
78698,
515916,
15371,
489471,
360029,
136400,
502164,
10222,
352173,
9035,
500682,
530254,
282297,
8204,
343674,
43923,
1367,
632618,
432976,
36593,
355020,
431339,
397837,
1246,
474354,
159037,
444539,
223485,
449992,
215,
435129,
1440,
365222,
653725,
80321,
567860,
413362,
332210,
327331,
15080,
159824,
450875,
318121,
675108,
543084,
1371,
559969,
336000,
726887,
751267,
8643,
19666,
664280,
743601,
28387,
684700,
7518,
81188,
576126,
542928,
458342,
538362,
570973,
25189,
794095,
3595,
517596,
468284,
353070,
463088,
5255,
12437,
15251,
272693,
372981,
484468,
364051,
425591,
696000,
76163,
597219,
792517,
477331,
11185,
515911,
384677,
41733,
323272,
481432,
4517,
243684,
422803,
334517,
340613,
14069,
450001,
454227,
667520,
776142,
9023,
37472,
22972,
396398,
474051,
408508,
437033,
353464,
17379,
156284,
283587,
347026,
380623,
486898,
9059,
586534,
699280,
11533,
474753,
417859,
11619,
508965,
465003,
436343,
27995,
595864,
378441,
82703,
499394,
402693,
16620,
489430,
542417,
6522,
689249,
11601,
252838,
411638,
375012,
274109,
653610,
719410,
9567,
673175,
469019,
737157,
337960,
586940,
739267,
610643,
500850,
351145,
474433,
415086,
211954,
67660,
438373,
565255,
653567,
381696,
566232,
396263,
569547,
665251,
407436,
51533,
241554,
470878,
253154,
683287,
566222,
350312,
514575,
11344,
534780,
371449,
651906,
472734,
421447,
11841,
508466,
627070,
9766,
377273,
77866,
269494,
408537,
435126,
520789,
499152,
484482,
597965,
528949,
736759,
489994,
622855,
264525,
378137,
534490,
299782,
13345,
297222,
22975,
408159,
497916,
613999,
735919,
401104,
687156,
290542,
390520,
467113,
30508,
753230,
658412,
361777,
433247,
396493,
247645,
753583,
529531,
400608,
576692,
544415,
610892,
37403,
523561,
525183,
403357,
353571,
391710,
498248,
447856,
21835,
412202,
470401,
393764,
421560,
331576,
649368,
429450,
563708,
624932,
487476,
433252,
290815,
437036,
432789,
548537,
72213,
7913,
508933,
61202,
520777,
573910,
498249,
623627,
11647,
613090,
153158,
359093,
597594,
625128,
18925,
504561,
570735,
472805,
630220,
13481,
535356,
714338,
10757,
432011,
415358,
14310,
384487,
527435,
782973,
271706,
450648,
8440,
650073,
472424,
473408,
565312,
553646,
518764,
392553,
593691,
29263,
582925,
51052,
628053,
520594,
505175,
35588,
566221,
477666,
11854,
474569,
615466,
257245,
597089,
468362,
367215,
765613,
581361,
56435,
432226,
28740,
472983,
740996,
514710,
658092,
755688,
430043,
456154,
695476,
250700,
553456,
566367,
508747,
56287,
67109,
535692,
533991,
600014,
489982,
41378,
442811,
515409,
160859,
377213,
409421,
411009,
215776,
752939,
513347,
338544,
21210,
596204,
413579,
606215,
260313,
460822,
19973,
423093,
441188,
538002,
334878,
8079,
445030,
542836,
460555,
743059,
14752,
427348,
14134,
544918,
653735,
393729,
541578,
448444,
429765,
53163,
357940,
592867,
432870,
404604,
525814,
23319,
430161,
577328,
339274,
440319,
507569,
393562,
627133,
15049,
16219,
269198,
296917,
568332,
188761,
371463,
639834,
302376,
17501,
538620,
523777,
400387,
82825,
308571,
408619,
642739,
336201,
351694,
510026,
1294,
381707,
553837,
507896,
374252,
127501,
1583,
135718,
412209,
524323,
338065,
165904,
456287,
539036,
410970,
376389,
411023,
671652,
355786,
457258,
286407,
432615,
412489,
529569,
521772,
428584,
452447,
726940,
413543,
381071,
467106,
619650,
539445,
374173,
216652,
435841,
376426,
330697,
356464,
718831,
363343,
70590,
41109,
448448,
453205,
675595,
440596,
13317,
661043,
509904,
534993,
75301,
439059,
783753,
367735,
271983,
256311,
20083,
743382,
589367,
556907,
331588,
621561,
259720,
524087,
529790,
171160,
621753,
486225,
511791,
60378,
21175,
411020,
541495,
25676,
613446,
330037,
511815,
558341,
755339,
751182,
398535,
545556,
530154,
238466,
530973,
46387,
254712,
314572,
411011,
318225,
58333,
675598,
590872,
376228,
276614,
36971,
504859,
553645,
564295,
688848,
284729,
392734,
397093,
598065,
651235,
473812,
451474,
14071,
430780,
287499,
589871,
369927,
752885,
527664,
518671,
570137,
611716,
127471,
433049,
108930,
571391,
284288,
532944,
585862,
32517,
505159,
507618,
675267,
411038,
661728,
619154,
553835,
34764,
4435,
408623,
39442,
557606,
458310,
520370,
53569,
20342,
16344,
34515,
531002,
755328,
397490,
376873,
62071,
169864,
353614,
253266,
608658,
483010,
396093,
593489,
480651,
521512,
459295,
573915,
417489,
465642,
553796,
669525,
681235,
251626,
461118,
440767,
671909,
554175,
517975,
15419,
649802,
48301,
289333,
363413,
360341,
593060,
496328,
516341,
442087,
484413,
310567,
489852,
168245,
86004,
587682,
462104,
413388,
349158,
102517,
490928,
172817,
456193,
394689,
642203,
44549,
438486,
518045,
310001,
768410,
190940,
401285,
289339,
346615,
19156,
37032,
19672,
430830,
154989,
752618,
580846,
573911,
127880,
265339,
20837,
464974,
478413,
564638,
432025,
267797,
499969,
435351,
41993,
479263,
587910,
181330,
739246,
358901,
167983,
497520,
630109,
295460,
527511,
527524,
546230,
475517,
636709,
475013,
746752,
227108,
535408,
485157,
390782,
666397,
366885,
45002,
143678,
545634,
450005,
263111,
77864,
553644,
381043,
649800,
387062,
118442,
502137,
609797,
776673,
404022,
627453,
479918,
550248,
437752,
592564,
652682,
509866,
531122,
482154,
567525,
601801,
532374,
26797,
385114,
420697,
601516,
752455,
553649,
589138,
551745,
492166,
452196,
261039,
359105,
521867,
633517,
499607,
447904,
585714,
407650,
523807,
22600,
604130,
426568,
718866,
135717,
50571,
19611,
26461,
226632,
342550,
505832,
396292,
432959,
413838,
376916,
438592,
553539,
473313,
539470,
403579,
441875,
439107,
217720,
730420,
429801,
408546,
199139,
325803,
657183,
343880,
709681,
49834,
421854,
553648,
340712,
656566,
473545,
295748,
250653,
735005,
282761,
267959,
592732,
592136,
553651,
639411,
521929,
30634,
433084,
205015,
595723,
478054,
69785,
716978,
318654,
548564,
33081,
538528,
614698,
461634,
631912,
287594,
392891,
517827,
540932,
425003,
425498,
300521,
566674,
506971,
471402,
611060,
550302,
420827,
446048,
601434,
367196,
538523,
440790,
627072,
372844,
230158,
474155,
535340,
601781,
136303,
376482,
456705,
377911,
415735,
532112,
341176,
365675,
507729,
488621,
469021,
423122,
302104,
429289,
347561,
490818,
567524,
594006,
646332,
540136,
589527,
378230,
642738,
522144,
450628,
93011,
248211,
542694,
557445,
369820,
522393,
234931,
354544,
693860,
387914,
424131,
437018,
619553,
320996,
589853,
449359,
638072,
27866,
588362,
417026,
37951,
638691,
589116,
522449,
717646,
412200,
412190,
326665,
454361,
506767,
522326,
594426,
447842,
529414,
434376,
413845,
336736,
477306,
129850,
602456,
630750,
739227,
515347,
623392,
655146,
368915,
213478,
544295,
356644,
416867,
516535,
488669,
427298,
67099,
298307,
430978,
549443,
638226,
602760,
523704,
479269,
432883,
312149,
212864,
90772,
105680,
655507,
708322,
25661,
468366,
703849,
457372,
462108,
766534,
582349,
506246,
424080,
403911,
477807,
550294,
501014,
184791,
422991,
481004,
458803,
461735,
500595,
538657,
561556,
601666,
141052,
8966,
12153,
209112,
291805,
328387,
214756,
256274,
8856,
124905,
34016,
425134,
163,
10495,
299687,
575774,
74,
254302,
240832,
354859,
38575,
9637,
10661,
257091,
199928,
2770,
351286,
375794,
241843,
50544,
84354,
614409,
345938,
421792,
14001,
9273,
195589,
539885,
348537,
5966,
297761,
658777,
460885,
584962,
37004,
581859,
400160,
442249,
1927,
235271,
464502,
8656,
257344,
207932,
2642,
201085,
649087,
271404,
780154,
495843,
7131,
611285,
109443,
810,
2300,
25195,
262504,
568091,
254128,
38365,
583689,
582596,
257445,
560050,
13971,
24021,
250574,
614911,
14161,
331,
217,
536115,
9615,
9788,
418078,
334521,
250546,
506072,
10398,
664,
447200,
274855,
12689,
644092,
406563,
205584,
44040,
44833,
13455,
68737,
37933,
216282,
749618,
614696,
565426,
88751,
9919,
44943,
929,
49017,
89492,
11024,
28355,
775996,
342470,
420648,
298250,
371465,
467938,
396422,
534939,
531454,
296099,
11870,
535167,
11017,
262500,
395841,
550231,
415842,
505379,
955,
258489,
1250,
266647,
301337,
437557,
43947,
305470,
353491,
384521,
18405,
119283,
588,
10761,
274167,
98566,
421473,
137094,
134374,
20943,
613099,
14326,
62764,
460668,
274862,
1727,
9291,
527246,
11283,
497814,
1690,
9569,
91314,
395990,
9058,
399248,
757860,
257088,
9285,
87428,
1995,
109418,
429415,
330947,
96,
6961,
396806,
455108,
346672,
76493,
9257,
72545,
53182,
441614,
9767,
529962,
87421,
82525,
612706,
238636,
449563,
584,
44912,
11397,
22582,
8839,
10192,
605116,
9762,
78698,
576156,
291276,
23082,
355193,
9955,
509967,
354287,
301351,
786357,
76494,
10222,
9622,
228165,
9035,
8204,
343674,
10066,
598133,
72207,
300681,
36593,
517909,
301804,
397837,
9894,
444539,
417644,
144336,
433310,
413362,
58595,
9816,
259695,
426338,
438396,
385332,
11823,
137116,
475210,
587996,
335053,
109451,
9844,
399361,
523773,
73723,
376134,
274854,
8871,
401371,
12620,
50620,
397422,
9877,
37950,
425972,
62835,
484510,
485942,
85446,
1428,
284536,
280092,
5559,
9890,
523139,
10651,
774372,
9945,
52520,
531306,
335360,
9448,
424121,
261392,
567970,
272693,
273477,
346808,
460648,
674944,
81005,
10547,
58233,
514999,
457915,
76757,
427900,
8814,
587301,
18162,
455839,
384677,
41733,
323272,
9801,
581600,
13811,
49520,
521935,
738646,
214,
530382,
335866,
3563,
332283,
615665,
184346,
483906,
59108,
10040,
33689,
31867,
32985,
450001,
513574,
8838,
460019,
335778,
400106,
463684,
9986,
673768,
452507,
2698,
109431,
316154,
392207,
542917,
17379,
571785,
380623,
8386,
527261,
87826,
38321,
17915,
735129,
486131,
98357,
408873,
445954,
515248,
426265,
410199,
6877,
489430,
3036,
778870,
1268,
270010,
315064,
345914,
441701,
345922,
560044,
10157,
624963,
461130,
1375,
167032,
610643,
567971,
84200,
451184,
2539,
617505,
14560,
324670,
6520,
67660,
456616,
433945,
336455,
582607,
387592,
400710,
626393,
660609,
341689,
774054,
426238,
653744,
416234,
665251,
479040,
407436,
16577,
77950,
263341,
692969,
452015,
425942,
613183,
247954,
467824,
418437,
575479,
10028,
587970,
10060,
20737,
301608,
11082,
2928,
22821,
27573,
419479,
77866,
454283,
454983,
416494,
513083,
187596,
347984,
77931,
236751,
706510,
10771,
624808,
479,
483202,
434203,
571891,
543540,
295151,
465136,
658751,
414018,
425336,
573106,
13668,
9907,
622855,
301355,
423949,
673174,
456750,
654905,
308457,
258509,
291264,
534490,
508018,
89899,
506407,
510498,
524738,
585759,
2275,
644090,
513223,
513584,
674607,
531503,
583083,
2752,
195590,
502143,
44564,
255157,
460321,
480572,
438347,
611395,
437311,
1931,
513691,
414190,
501633,
615177,
291328,
522320,
499319,
10375,
529210,
279690,
435707,
396493,
336890,
622654,
301334,
367147,
411143,
544415,
354861,
706503,
622963,
403357,
192145,
498248,
50359,
477033,
418896,
397717,
494407,
54318,
310119,
437036,
336011,
432789,
514277,
355547,
403605,
8998,
339792,
436931,
505746,
360249,
520777,
620883,
333386,
237756,
153158,
773998,
16411,
294132,
471014,
560491,
15189,
462919,
511785,
381518,
707886,
754800,
513409,
492719,
413992,
535356,
714338,
623195,
631997,
15648,
178915,
390054,
371447,
264729,
300667,
517940,
9592,
13888,
420426,
381890,
518764,
16222,
10371,
35588,
447665,
368304,
390584,
431185,
658760,
333667,
503619,
430826,
615466,
530956,
504603,
313943,
397442,
227735,
625450,
647785,
56435,
10861,
415132,
413471,
340584,
450489,
364067,
368993,
430043,
436827,
515841,
369883,
458264,
393717,
158907,
594188,
442056,
463053,
284514,
457962,
253344,
56287,
668602,
567973,
780632,
335777,
606117,
215830,
12618,
521647,
539685,
646955,
518452,
543753,
424510,
466190,
347666,
732359,
364615,
443486,
537190,
525938,
318256,
584427,
517324,
473415,
752939,
602198,
336445,
433251,
389053,
523593,
63710,
346671,
496076,
454292,
595521,
323679,
335791,
734280,
467673,
398920,
427348,
531509,
339396,
347689,
323674,
291869,
502350,
451563,
423611,
432870,
419700,
556803,
408626,
306952,
519035,
747349,
13394,
512019,
467917,
401743,
304372,
416148,
465109,
497370,
703754,
16219,
323262,
399131,
435050,
639834,
419472,
396920,
472608,
396289,
452731,
768520,
426285,
500634,
467548,
459225,
726649,
393172,
623666,
174316,
411405,
520765,
13741,
404791,
424988,
5852,
317925,
406668,
89185,
412209,
557968,
346650,
457262,
426272,
557336,
455479,
588001,
348555,
50217,
430446,
495193,
591121,
278774,
781425,
529569,
355008,
428584,
581998,
487414,
762511,
408272,
391629,
457917,
298582,
652483,
459965,
324538,
550032,
533992,
437029,
426257,
661043,
480007,
783753,
640076,
505205,
406204,
256311,
433244,
261037,
32982,
541340,
483104,
531438,
428612,
331588,
455918,
611207,
441906,
366644,
462469,
504345,
656563,
519253,
460059,
619139,
449019,
455656,
366499,
437294,
369860,
300596,
484901,
381070,
585062,
330037,
668195,
340030,
746957,
581958,
449755,
516525,
413990,
277432,
556509,
530154,
375107,
520532,
550035,
92472,
480823,
370665,
414030,
768509,
306943,
369033,
393407,
339927,
252444,
637627,
14395,
387827,
486334,
476046,
138960,
47854,
504859,
730428,
419446,
300605,
581420,
437380,
640421,
119893,
603519,
116322,
392734,
450806,
485504,
428142,
352492,
648316,
574303,
612701,
586954,
301825,
507143,
314690,
433878,
532880,
311764,
744676,
14071,
318850,
332706,
757929,
571495,
447818,
533983,
299584,
352025,
336805,
75197,
348391,
336790,
297098,
494282,
515743,
157293,
755340,
449891,
589023,
496283,
438468,
473637,
635769,
376972,
428882,
376658,
402582,
454774,
580001,
515333,
571451,
431867,
487156,
542444,
636698,
543774,
317467,
487358,
538604,
381902,
460557,
37221,
4435,
471513,
412188,
555850,
376047,
656285,
502122,
531002,
436994,
219553,
690596,
525041,
15860,
361712,
330333,
436828,
495659,
737802,
502166,
83721,
760314,
681235,
437310,
510073,
625561,
532620,
431072,
433623,
311307,
517298,
602646,
553794,
360354,
676838,
97351,
364223,
393821,
404531,
517327,
550385,
413388,
614488,
403068,
581475,
563943,
537526,
428687,
706783,
510338,
573921,
438857,
494950,
454854,
537406,
401285,
540871,
445605,
37032,
272094,
430830,
284300,
541620,
586333,
233444,
370765,
448763,
83390,
649058,
639414,
278464,
267797,
531949,
502581,
723895,
562250,
523900,
726661,
587693,
438639,
66160,
276928,
510622,
642803,
16345,
529202,
760653,
423453,
393731,
387805,
323658,
577332,
519804,
561417,
46386,
551300,
600335,
308174,
62883,
160342,
14834,
222951,
345718,
6172,
487509,
609660,
442133,
621727,
687136,
413780,
364327,
449652,
542930,
292828,
348035,
686941,
381041,
399300,
383567,
706345,
436769,
378111,
558343,
718867,
725082,
401911,
524034,
391778,
455601,
392271,
433479,
422753,
269577,
317936,
774810,
478100,
291157,
573917,
485442,
601801,
426558,
140380,
544530,
345170,
390407,
502616,
441071,
597237,
624078,
380121,
533148,
389088,
416497,
264402,
447904,
217129,
718866,
50571,
513460,
432167,
410314,
160242,
502298,
710451,
444404,
541458,
423189,
458414,
441592,
388757,
382750,
374767,
567452,
595822,
420278,
410207,
331359,
730420,
423516,
593280,
408546,
531736,
493224,
638605,
402216,
575219,
186610,
421632,
602310,
577990,
476957,
285595,
520335,
659676,
188183,
452188,
653904,
592136,
474942,
437013,
521929,
374211,
575771,
643438,
632318,
506220,
549599,
268690,
616700,
470906,
60740,
490694,
551603,
487047,
61037,
303904,
298714,
33081,
159090,
493108,
102353,
252981,
667040,
366759,
631912,
480255,
461957,
303742,
648337,
292111,
443526,
648968,
314283,
393712,
170991,
537795,
506640,
537170,
566674,
480409,
512731,
118385,
570465,
478650,
410965,
477767,
357255,
451709,
517829,
487852,
550302,
582868,
347009,
455549,
408245,
552180,
165076,
596178,
416290,
287420,
411545,
366887,
497522,
373453,
718845,
725084,
390341,
311725,
44245,
136303,
471872,
642749,
466987,
629005,
567145,
372337,
507729,
135195,
635497,
621681,
134380,
423122,
460578,
504800,
468033,
437116,
347561,
630601,
655832,
15939,
594006,
686919,
490154,
335031,
748440,
511454,
421060,
554954,
642738,
569954,
522144,
688527,
637395,
648041,
408522,
488529,
660056,
140033,
575009,
595266,
180761,
451409,
557445,
585836,
771305,
453404,
572210,
335392,
412196,
463752,
529528,
253622,
645998,
209320,
627796,
339562,
537957,
526039,
416240,
638691,
589116,
67077,
521753,
652809,
473277,
412200,
535849,
412190,
441834,
78245,
45439,
132744,
588346,
415914,
277519,
429677,
418798,
221458,
456210,
221112,
285043,
594426,
493201,
51252,
66208,
525540,
60207,
66173,
456635,
161468,
274326,
435630,
395181,
415813,
354141,
220576,
707504,
336736,
187003,
520587,
602456,
187672,
644350,
499902,
408544,
506053,
76146,
660061,
611710,
506492,
553848,
595503,
41980,
347264,
532162,
532162,
615137,
362988,
602891,
274472,
536228,
583139,
298307,
501020,
125186,
478570,
391649,
549443,
552752,
519771,
602760,
198444,
486331,
522553,
191421,
411852,
484619,
589677,
429126,
90772,
317943,
428327,
654580,
426461,
761030,
25661,
663360,
164046,
516038,
52667,
287360,
386352,
128132,
629742,
275236,
639263,
333660,
270347,
543786,
623973,
494804,
57773,
321761,
404459,
204233,
613959,
396865,
497720,
521041,
526231,
439031,
67021,
513865,
503877,
470616,
470616,
471919,
516203,
309915,
412194,
412189,
636561,
371451,
494801,
469814,
456432,
334138,
502483,
546922,
281300,
500595,
298522,
11470,
337167,
24021,
536115,
787298,
17610,
14199,
351819,
466550,
505225,
378236,
10196,
365995,
664413,
360814,
9757,
615677,
18885,
785530,
423733,
499726,
475210,
56288,
476926,
50619,
55341,
82990,
11637,
18239,
9360,
438689,
433249,
408873,
351460,
347126,
51481,
164558,
796649,
339095,
244688,
366668,
249660,
226486,
442064,
203835,
463906,
258509,
535437,
10906,
71880,
502259,
146301,
517307,
503403,
297596,
420260,
277558,
268229,
450477,
582885,
14114,
505423,
385448,
184345,
518880,
347969,
485415,
9072,
447665,
726664,
119892,
412105,
20132,
54518,
403509,
407559,
17711,
612152,
22345,
374464,
461053,
765123,
17709,
502140,
542905,
459202,
586265,
676844,
653522,
398177,
472838,
513077,
332177,
593035,
473902,
611468,
591121,
242441,
605373,
637157,
248601,
4963,
485774,
240745,
636041,
632587,
652483,
437739,
416153,
334281,
375872,
41251,
516525,
457775,
277432,
616904,
369033,
553608,
351043,
586347,
406429,
395807,
560362,
503902,
756252,
479957,
696160,
449998,
449684,
422715,
451303,
629277,
522246,
356901,
533534,
511449,
73582,
488113,
571650,
574374,
433245,
361712,
601807,
561461,
695596,
467239,
410791,
559957,
661747,
401060,
517327,
143844,
506951,
735110,
14423,
272094,
582186,
504331,
585997,
461931,
582570,
438639,
429238,
576040,
471981,
487509,
442133,
683199,
202456,
97659,
437023,
504321,
492184,
444513,
774885,
744876,
524736,
668156,
417015,
563766,
107227,
252674,
543684,
539619,
469922,
455004,
420279,
362140,
374767,
593280,
604195,
535488,
387585,
592348,
490410,
522619,
515875,
137180,
374211,
373878,
126284,
490694,
83382,
197292,
667018,
639609,
480255,
655459,
387809,
427557,
362136,
326071,
381961,
388427,
160243,
774259,
352099,
422229,
476794,
610619,
628039,
411545,
556310,
160255,
605199,
135195,
602562,
439961,
488446,
569954,
391613,
428361,
586599,
103427,
180761,
328319,
296857,
478548,
718863,
476273,
473549,
588904,
269588,
237305,
588346,
360220,
516047,
305641,
264245,
429677,
663528,
471860,
175195,
493201,
270525,
405458,
563355,
220576,
773936,
627446,
187672,
461980,
490760,
553848,
189017,
247726,
349138,
320132,
274472,
469932,
365037,
172420,
510262,
502875,
470818,
316505,
748402,
373564,
463905,
512584,
422032,
285664,
371084,
542642,
691148,
490156,
167826,
509950,
449204,
448723,
504062,
629742,
499355,
643533,
497720,
381002,
565527,
472225,
474590,
445841,
488424,
419530,
556692,
499186,
466985,
486299,
388335,
556802,
501013,
543248,
372449,
631857,
272,remove
782673,remove
66171,remove
381685,remove