237305
639834
14001
437310
504949
36971
602456
337960
783603
263111
1370
739269
461130
809373
796649
563943
590854
410791
63
610619
283587
395181
460668
556984
554175
746957
592136
190859
429238
4032
408546
761163
451184
16577
653756
201085
368915
582925
347969
455656
509866
96
522449
504321
437311
274326
5966
506951
315837
397717
437036
15049
615665
637157
16222
303742
12107
149870
11647
339396
277519
412189
638707
145247
524323
675594
637868
318256
566367
749618
531509
310001
630750
61202
515916
441875
627070
614409
629742
421060
545071
499186
571391
368304
406997
408272
428361
334878
526007
256311
426461
653601
472225
582607
506640
10060
329865
269588
634737
699280
172817
234931
400535
649233
437013
47971
625128
652062
550248
741434
381518
28355
405458
87502
456750
191421
407436
8467
522619
439031
23319
587996
570973
484619
354141
432615
455004
1375
340584
205015
393712
476968
441592
682110
636565
437380
535849
398818
566232
462
693361
686002
762511
756252
402582
735364
453404
632602
557
479918
520777
119893
9257
339792
2288
165904
579450
371153
513576
762
97630
709681
377911
530382
752885
314690
390782
160342
438373
264419
9352
408626
835148
574303
429126
22970
529202
773998
287594
466985
305641
628053
574376
428142
1724
447904
472838
656276
489471
553644
342550
457917
314572
378137
833971
524251
818659
411088
374252
603994
26797
782673
371084
32812
160243
97659
390407
597089
429415
615678
624989
282297
694103
695958
434203
433251
1428
187596
573910
567970
581958
656086
400608
537526
471981
522326
137180
395807
610120
636698
438639
451409
653904
664280
1440
201088
15370
624963
371447
417466
114150
205775
754800
449019
261039
53163
537406
477807
799141
509950
453205
550385
585836
188183
372981
454983
10547
610643
737802
9757
456193
497720
888
591121
321741
426285
21231
1727
718863
673768
1885
167826
92472
392271
525183
656113
492188
609758
752618
645998
480530
424988
378230
290729
336011
516051
346364
411023
383567
51481
12086
370665
725082
22975
256561
621681
300681
6961
553539
477331
381071
16157
428078
4476
52667
622855
498248
1268
198444
54518
474590
527246
77864
531503
523777
400136
387426
101
435630
21057
2928
662687
442133
648968
404022
429450
659854
328387
438592
17610
500840
222899
661043
478054
44639
385114
109451
510262
778870
630601
14467
347126
164046
187003
722913
362988
786190
741688
681435
467106
1366
603
657183
437739
454227
25661
8079
83721
22345
577328
30634
793723
488446
538528
695476
339846
20083
658412
606117
39514
435351
252444
11078
694234
278774
435126
252674
470616
553361
376231
564251
308571
755339
440596
611395
553651
489988
7518
552858
470412
85
220882
655187
352025
587682
503736
107846
9323
524288
440767
376482
828146
437029
809236
706510
485157
416153
361181
556803
18162
396493
673174
121791
831150
37004
669185
419472
651803
262500
622325
766534
623392
13448
605199
693359
621561
651070
726940
158907
736146
525041
450005
699210
17915
233444
666397
602609
538620
597156
474942
11533
566222
458423
497370
468362
776979
415914
639263
567452
53569
714375
507729
587385
449891
411143
413845
538604
9567
10191
726658
416148
456616
664
810
605116
7214
353571
306819
752
498249
739267
352173
602562
614560
487358
504062
535340
62071
339984
38614
799573
1927
508965
11806
608658
518769
746422
387585
8998
774810
506246
488623
433878
638072
650
317467
602063
606523
9533
513691
1371
651249
511449
624060
7508
408508
9870
506767
457775
560050
421473
336890
378441
369700
18491
693906
10771
393729
476957
480255
658777
184791
298522
485504
823461
184346
636041
394689
318044
248211
580001
110353
575917
348391
37221
467113
505159
611285
491480
632931
631060
575774
542917
215830
41378
416234
541340
816518
485442
402
544918
543786
184345
661728
504331
519253
6520
744876
396398
470401
15189
199928
366885
271404
544415
760314
46387
375872
456705
346808
29263
277685
502137
525540
464974
567524
76146
392734
51533
456210
630220
522393
436931
732359
502875
642661
663360
429043
493201
180305
501014
2567
10501
597237
456635
656285
430446
8488
44040
471402
531454
554954
747349
38575
664413
653734
557445
408537
476273
65
612706
540136
602797
372337
82932
219553
518880
502166
535437
428882
6537
198184
461931
829125
19666
211755
496283
412202
25676
710871
237756
134374
371463
9919
404531
802403
800728
217129
149871
10390
308457
4786
475210
581998
12437
488669
119283
601781
378111
637920
349138
621727
544530
502292
300521
588904
8619
510498
11321
650029
535692
753272
7980
651235
517324
470906
9285
752455
557336
71880
484901
289339
615466
413388
13027
87826
54138
531438
508747
413838
9788
180761
807158
587
10632
735919
653522
573915
332788
8839
651724
545609
7978
3563
76492
582927
1624
203801
33774
500552
131634
247726
516203
408803
703810
689249
483010
11619
674865
447856
393443
618219
84200
534490
417859
1246
551745
335053
456154
335031
84892
465136
3036
714338
576040
333667
441906
604196
295460
215776
511789
524087
571650
799555
535488
421632
716703
502140
755340
143844
586347
19156
9619
38
393717
2649
246524
501929
473812
360029
9587
473408
504345
424783
10515
624078
779221
687156
376228
553848
719410
487476
760653
48301
441614
300424
8392
653610
624808
98
586534
541495
261023
336805
426568
537170
613090
78245
503902
774885
9291
508466
343880
97351
43923
424139
530956
442064
263341
542444
787428
353614
122906
577990
556692
460167
663528
535356
265339
342470
534780
138960
614911
513223
538362
11344
678893
614698
285423
538523
652406
404791
463821
588009
474433
773655
435707
653744
445605
363676
353081
408873
743059
799497
595521
668156
449755
660609
723895
560362
830645
202456
597965
376916
543774
484482
819151
564
252838
542694
463905
300668
434376
407559
416211
19073
601516
661897
287360
567860
625248
319995
564295
808
444513
671295
68737
49834
497522
413362
323679
607
488424
722209
102353
406563
481432
187672
419530
532374
686677
14752
17501
320996
292828
401285
667869
109424
96724
323674
403357
284288
613446
628511
802068
816836
794095
250700
137116
11637
522553
11854
515248
302104
533983
334281
242546
14438
126284
462469
652682
805006
367735
567145
400160
611060
55341
488621
9622
297222
8386
299687
282761
638597
594188
209320
430978
424080
519804
308453
39442
388
110398
306952
552752
773935
773936
514710
410207
427883
400710
513584
72190
267797
616904
633908
456287
814700
514575
284300
247954
499152
257088
505746
156284
978
217
490156
422032
413221
824974
263614
411638
157293
609797
781425
11802
15080
496328
747999
583689
168530
615137
82700
534939
656353
11836
428327
20755
567788
511911
8643
511454
539885
457962
559581
553648
11253
548564
365995
412188
755688
445925
8814
167032
738215
575771
300669
493551
411011
528949
648041
336736
606215
129139
2019
834
299584
623195
696000
111
538657
1125
495843
466550
360814
542975
369860
157350
563355
650129
399131
248601
149
505192
718831
785976
603545
38365
432025
625450
369820
441834
524736
430780
374173
396263
66208
10625
274167
483202
454361
675267
377213
226857
255432
506053
582868
518045
576156
275236
504859
334521
585218
768520
295151
34515
765188
440319
491418
550294
735595
452731
520663
619553
736517
387054
567785
751267
128
331
540871
83390
627133
375572
499902
161468
725649
430826
84354
499319
765613
606244
4254
450489
368103
619650
521647
535167
584427
639609
11870
387827
593691
451563
444404
9448
289333
717192
271718
287499
1677
411020
466405
1878
520765
450628
565716
634754
171179
345718
378236
11148
553794
83666
2698
489430
483104
802034
324670
285043
511791
431072
256961
86004
242512
270946
507569
542691
16871
479957
56288
696160
195589
392891
276928
550231
740996
433623
637395
354287
221112
82702
542930
51828
460822
376873
373453
18885
412209
550205
531736
503877
529221
514204
347689
347264
515911
803639
142
836487
642203
396289
861
128132
698860
312149
9273
413780
505262
401104
500904
192145
49444
211954
203101
454283
49047
160255
11009
326665
90772
339274
487047
651800
666624
481004
18925
293970
527435
18239
581006
44245
11017
406429
37933
333386
454854
11823
27275
757860
432167
622951
53182
433252
744991
520789
683199
785534
317943
584962
469019
62835
332210
504603
502143
262504
87421
441188
494804
153518
11804
4478
228208
11187
763568
138832
430161
298714
596178
23483
336455
1584
243683
41993
529414
468033
603519
137094
477313
339095
297725
484413
583083
385448
10495
735110
592732
624932
499932
331588
579473
37056
362136
82990
8275
158015
14411
19611
774054
16859
402216
466987
295748
662237
14395
396292
21032
625561
9816
499726
471860
4963
347984
127501
449684
50217
188761
674848
486131
507143
537996
551332
19908
487509
88
423
593280
529962
490818
648337
350312
571495
418798
1294
317936
9502
432226
701062
338065
311764
802504
359105
585062
592984
306943
551300
463053
23082
62764
228165
469814
586940
496243
2502
16140
297098
217720
356901
474051
348537
570735
632318
37951
495193
62883
9569
619139
387592
438486
567525
27995
553649
532944
105680
310567
376134
735129
371449
380623
366499
90
3595
11237
522627
442056
734780
823754
734280
402693
398920
632618
387062
639414
420260
658739
309809
529790
28740
419700
658760
353486
502122
480007
430830
490760
9072
504800
321050
540556
523807
105
591789
435050
72213
199139
171160
407806
761270
220576
447842
556907
10222
316418
499394
5559
682426
527664
381693
431867
609660
642749
718845
443526
330697
447332
339562
311725
648723
28387
490694
119892
581392
227735
336790
631331
676859
159824
465109
37472
595399
413543
412105
291869
660637
423453
414030
601801
476794
644479
11185
370765
492719
16411
419446
513077
768410
254712
491104
482154
22538
2539
611468
421854
565255
398978
619592
571785
615658
473313
486299
88036
33689
272094
415842
655832
12620
426257
728116
408619
7461
358901
20342
590223
384487
280
2007
390054
109431
75780
371465
695596
681235
433479
264660
340712
583139
355547
553456
44549
486225
390520
416867
340382
515333
3580
489852
376426
302946
411038
67021
376047
627796
376972
787298
439107
613099
9973
308027
436828
671812
506680
683287
385332
417026
285595
492184
690596
533534
510073
773650
581475
549443
291276
17335
261375
512019
69785
253617
374720
649368
417015
654028
523900
1374
463088
462919
8856
600700
586599
520532
746712
402897
412190
327953
469021
581361
438396
699102
457258
653567
593489
13394
367195
492166
801058
611710
420697
73582
518158
82525
543540
435841
452015
510338
539685
165076
466081
102382
570465
480651
458737
8363
653725
102517
393731
459202
14
486331
639947
301825
640390
411545
369033
50619
642803
274862
588001
511785
12429
286407
652483
717646
748402
366668
805003
10897
809208
323262
46386
137106
315635
351819
643438
459295
80278
520587
44833
476631
9091
348035
311307
706345
249660
216652
660006
514619
615677
796849
515409
360341
619264
558343
335392
517909
588346
101449
384677
264401
274854
9844
676844
513347
141052
109418
661677
9766
780632
8909
140380
574638
14560
623491
376660
455549
509904
238636
638134
37498
437033
298250
623973
411405
559957
499607
461634
376389
1819
207932
694256
693860
467824
594426
508933
582885
89185
480572
308174
93456
541620
395992
397422
205587
618746
785522
116322
544295
291157
505379
473033
527511
1858
510026
676601
924
448448
406668
254470
546230
2503
485942
415132
371451
638706
260535
761030
653574
661095
598859
253154
479263
667040
681019
143678
662059
517975
604130
439961
310119
649802
530973
613999
16007
44912
178915
437294
9362
331576
32982
776142
10312
516525
718866
666751
135397
132744
37032
12153
358332
746752
261037
423122
20662
653575
26461
516038
2501
671652
607259
21210
571451
539619
412196
424
179
37403
168245
744676
10761
391005
412194
473415
458414
631344
797394
521753
528888
496967
561230
473149
639411
118385
557606
425591
744
8273
9654
355008
657070
753583
15419
264729
10137
501633
768509
340426
54318
302376
368993
675592
129
589116
429235
279690
552180
521772
351694
499355
420827
357255
500682
424510
9740
253622
634
597219
601666
9334
561417
410970
427298
352492
602760
76341
531949
432959
460321
654299
269198
633517
454774
396920
8960
317925
375107
2668
580846
496076
512731
786357
640
514999
393764
393407
446101
9023
723072
587693
10861
483906
550302
500595
784047
14423
428612
81005
628534
16869
11211
826842
751182
364067
546121
576920
563708
82703
50359
50647
424131
424121
467548
461053
33081
601643
382750
487156
93011
668602
369972
71670
539445
417489
303904
309853
13888
487852
328589
490154
325803
519035
601807
22582
50571
842199
519672
521512
676838
438468
365222
22600
420279
553645
381283
70006
9762
457262
771305
10423
89899
520370
9592
430043
412200
696048
13279
47854
58333
581600
458803
517596
517829
241848
432883
437752
640076
461957
67660
432011
320588
227108
11841
315064
19672
391629
614696
467673
526039
454292
433245
644092
27581
334517
281300
414190
169864
663459
369927
810731
752939
436994
748807
634648
726649
647785
686941
582349
272693
585759
82825
9767
422991
277216
1538
156022
437018
671909
553646
174316
21835
623666
488529
520594
703754
399248
403509
381070
644090
532865
134380
627453
726429
421447
9475
565426
819
173897
238466
671039
515841
448444
452447
713776
257245
347754
658751
600881
613183
505832
706783
296917
523561
458310
66160
1690
310131
13648
520335
2752
538002
543248
489354
423516
415735
426272
422229
381041
60308
627446
469922
537190
471919
553796
782973
673673
416290
581420
454992
533148
569547
569038
568
712911
438347
451474
521041
448723
619154
667018
9336
60207
556310
341689
364327
8277
641816
58233
449998
655146
460059
441071
67109
422803
409421
674944
736759
505058
11551
9297
391649
521935
425134
240832
589615
26594
472805
688848
39230
471498
511815
620883
560491
486898
792517
581032
67077
507389
252981
515875
320132
585714
566221
339927
698432
567795
637627
8292
650614
415358
578507
318850
75197
80321
9945
374211
728133
589023
68718
635497
636561
673175
413471
839144
398177
679989
522144
8204
403068
129850
489982
597594
501020
372449
774372
532880
532112
569954
507896
1824
354861
419479
10438
636709
536115
615667
835739
534993
388427
10436
336445
14161
27573
467917
360920
433084
397517
83382
474155
529531
22971
354544
470878
774259
476046
20352
536228
545556
503619
602198
277432
785530
11324
329
824865
623976
34016
271983
420426
480857
439059
435129
437023
460557
451709
6877
228150
278464
490410
10192
589677
81
468366
160859
656563
778730
478570
15512
339403
616700
502616
442033
170991
273481
515347
575604
547016
298115
707886
649087
484510
565527
449992
475345
500850
405774
50620
679655
22821
228161
494950
577332
586333
475517
58595
345170
256274
679890
570503
367147
108930
255157
667282
346650
462650
774758
467342
486334
612701
410965
361777
393478
478100
491584
567971
399300
770922
605373
14114
629005
592867
73723
426265
425498
41630
190940
259316
463684
285783
477767
548537
107227
505225
674607
525814
563766
629277
494282
167983
10555
338544
290815
604
14834
313943
374464
75301
427348
59859
659676
250574
297
308266
473902
721916
466190
497916
216015
436343
13971
540932
51739
294132
47288
91314
400387
631997
773569
465003
558
505423
361712
144336
768503
22897
643882
291805
615177
254
527524
6522
25189
109414
27866
374767
471014
381288
576126
330037
460578
389053
528761
477306
357940
694254
463906
146
497582
335984
381043
527261
478650
775996
655459
284427
628241
606718
621954
567141
675598
755328
396422
11621
5460
236751
585881
438857
474569
797309
642738
22794
401371
822562
135718
436827
455918
346671
855
14071
9602
729259
11615
1734
575009
573106
226632
140033
392553
448763
432976
737157
619248
318121
221458
726661
461118
528491
15283
37950
513083
735005
760050
41980
7485
473277
665867
375794
343674
561461
8440
164558
9907
20837
461980
565312
465642
156717
381707
375012
686942
596204
743382
600014
306947
8966
384521
457799
464502
587301
423949
397722
419566
9360
480409
490928
754310
426558
743601
444539
529210
477274
76494
301608
445445
710451
10527
327301
834500
688900
351460
15261
472734
356644
408522
316154
66171
473637
7484
11036
537957
628039
651906
529216
802443
391710
653747
517307
11283
241843
523704
726208
340613
812031
400106
353464
651589
339692
615652
34764
18405
381961
410314
688527
411009
13811
24021
429801
601
5255
274472
463272
517327
364615
426338
620897
274855
420278
765123
333596
611207
575479
346672
425972
720851
638866
485415
269577
775821
645489
25195
433033
513409
556509
413990
16198
21175
386352
557968
573921
473549
774841
312221
59108
296857
196
14113
484247
641662
473545
8838
578908
517298
550860
780154
296524
376658
408544
425003
45002
549787
711700
1931
154989
623618
776673
489994
287420
767809
502483
452188
54408
627072
526231
595723
665459
489932
494407
539036
757305
77950
726664
809
334138
412489
9975
701175
287903
241251
455839
429765
19973
678489
508018
422715
642739
664524
363413
14134
301351
509
476926
404604
264525
301804
438799
560044
49040
244688
382272
414018
500664
582186
55721
1255
230158
433244
589871
588362
767479
659856
367196
118442
531122
537795
512584
753230
549599
598065
586954
165
11186
423611
611716
432789
758902
10757
499969
64686
348555
442087
590403
554567
413579
487558
715978
502350
266856
247645
587317
581859
524034
297596
644348
366759
380333
507618
598133
581389
401060
654905
730420
396806
689723
518452
20737
518764
395841
600335
583
373564
11024
389088
180
516341
478548
10483
376436
327331
449204
812592
820744
124905
87428
54445
136400
9877
9801
14199
423093
393562
59961
473286
13
1581
268690
703849
687136
648316
509967
730428
573917
70590
443486
7131
660061
501013
41109
595266
748440
558341
211672
452196
726887
470818
30508
4349
500634
314283
614488
403605
429289
355020
602310
741998
435002
656690
585997
567208
259720
653735
532620
494092
11228
503403
83266
650073
253412
455601
461735
675595
335791
571891
347561
318225
433049
652809
17336
485774
447818
264644
267959
433247
159037
10661
127533
127880
531306
407650
16219
543084
595503
205584
409520
363343
459965
734309
4435
1735
553835
404459
449652
16344
466282
425336
397442
89492
542417
487414
16453
297761
638605
680706
6172
401743
559082
9829
658092
532162
304372
431339
60740
446048
693826
9837
505948
345920
490003
376570
631912
251626
155
270010
445954
406990
530154
403579
159090
601434
415086
626393
576017
381902
634541
687959
20132
254302
366644
442811
332283
12159
479
445030
553608
502298
39513
539470
44896
576712
623627
14310
522246
646332
467938
654345
372844
507076
635769
524738
707504
570480
716978
316505
239523
612152
514277
782848
421560
458264
587970
1367
576692
474354
299782
51620
388757
39229
4348
335778
603768
16345
131631
49520
387914
257445
41733
451925
449563
450477
455479
10028
458342
132137
416497
597744
586245
692969
666649
19899
497520
396535
622654
441701
292111
20595
301355
397490
506971
381890
665251
44564
353491
410199
408245
398535
656566
602891
669525
57892
649058
137113
420648
567973
706503
355193
242828
392207
589367
22972
291328
582596
318654
585862
426426
433249
628756
136303
298312
98566
20504
604195
291264
541578
324538
555850
14756
332177
403911
564638
686786
188161
7552
396865
257344
731740
657317
779201
364089
51052
250653
345914
7913
333660
533992
125186
592348
643533
2770
472424
523139
13668
298582
490896
381685
622963
533991
572210
725084
510258
644350
35019
484468
71552
49017
433310
15860
586265
728113
7183
9955
445650
323272
765684
364223
456432
568091
10830
566674
462104
720748
582570
649800
516535
684700
373878
604343
66173
4982
654580
101299
739227
591
284729
686919
823855
659067
399361
153158
347009
390341
488113
543753
452507
512314
226486
37797
4935
593035
449359
568332
352099
77866
556802
479869
1271
364051
387805
477033
61037
471872
15939
502581
63710
451480
341176
739246
738646
8871
574374
691320
395991
428687
520390
13398
13481
561556
295830
621753
468284
535408
266647
13345
421792
49524
10157
638691
160242
541458
422753
365675
366887
457915
563710
433945
78698
462108
479269
589527
38055
542905
578
660056
515743
590872
387809
77931
714575
474599
51252
235271
542928
610892
545634
72105
390584
227306
347666
45439
11249
718867
362140
575219
253266
132232
356464
16620
573911
223485
10601
587910
504561
783753
335866
751562
214756
245
135717
617331
10375
661747
15371
11601
271706
411852
605
60378
15648
270525
513865
450648
472983
467239
513460
495659
32985
330
330483
517827
32517
630109
640421
784607
75656
497814
594006
459225
617505
436769
675108
502259
541346
668195
760969
553837
667520
525938
83389
640424
381696
4964